-0.71543,10.341,7.2284,41.777,9.6016,8.144,32.919,7.8301,-12.441,7.2379,9.7533,11.619,-20.014,-16.929,-69.354,35.831,31.729,1.2919,36.556,-10.305,-27.227,-11.786,-40.104,49.618,-4.0429,4.5633,34.884,32.755,-15.813,-23.294,9.3541,70.18,0.33113,15.767,24.76,-3.8722,23.375,-4.6285,1.8049,-7.8781,0.13399,18.845,42.282,25.811,-1.0487,-4.8109,8.7824,13.679,-0.40183,20.374,42.036,16.687,-11.408,17.885,3.0209,6.3752,2.6048,-4.3872,33.035,3.2932,0.23802,2.3548,29.719,12.102,42.242,52.262,-3.0114,32.17,-1.5631,10.743,-7.8503,-0.39242,14.151,44.54,1.3248,-11.075,-6.3721,61.786,-7.9755,8.8069,31.465,7.8427,6.132,-1.7506,20.265,9.9813,3.1268,-19.124,0.24833,-5.9673,12.829,9.1921,-7.8878,21.565,46.455,-21.71,15.459,10.848,3.0746,-10.49,-12.668,5.715,2.5501,1.3534,-29.651,4.9388,4.5642,2.5594,17.173,23.841,-0.54812,-11.186,32.769,-6.1124,-13.162,14.101,-7.3036,-12.345,5.5495,21.642,23.169,-12.155,13.053,23.523,1.7548,-16.043,4.3317,-8.4725,5.4006,38.797,14.965,128.32,-6.7108,-33.272,-5.2399,1.2955,-33.783,17.425,6.4784,0.16766,15.204,-12.543,22.173,-3.1185,7.3882,-8.0016,1.239,-3.166,18.167,20.638,13.55,-12.872,7.8956,-11.89,12.667,9.8022,2.8341,4.9094,-31.455,-14.729,6.2135,1.9334,6.295,15.353,-10.329,26.409,10.081,36.643,84.445,12.247,5.7542,-9.987,4.3729,9.5521,-3.5452,-16.668,-10.554,0.26222,11.149,19.671,-1.029,-7.4401,12.742,4.3397,-0.74246,-6.0718,9.0945,38.938,8.9984,-3.5525,-6.2603,33.026,26.478,2.4429,10.269,33.853,10.232,15.9,-17.568,77.461,-20.065,-9.8924,-18.828,7.6935,-4.4276,12.547,50.486,-2.4771,10.061,28.499,5.6666,30.447,4.7128,89.368,-27.821,4.6091,32.188,3.4287,-8.8203,9.7283,-5.2839,-20.467,23.702,17.729,27.859,-12.63,12.572,85.579,41.583,14.188,23.187,3.0785,-6.6714,6.7919,-11.267,5.3117,-9.9956,-3.6093,-7.6667,-10.303,3.9754,9.701,5.7526,63.316,10.314,7.4376,-0.52554,-4.122,27.798,16.565,14.683,4.5097,-8.7398,-5.6011,7.4772,-2.7262,18.58,18.9,15.523,22.001,-9.6953,8.2256,-17.157,-9.753,12.688,10.314,-1.2154,10.616,120.26,-9.9655,7.7781,6.8595,13.101,-3.9886,19.095,31.236,-2.5002,24.973,36.053,-3.6964,-5.4325,-5.7473,11.45,7.5622,-0.24956,20.069,-2.5987,19.525,11.712,-4.074,4.082,6.6022,-6.0569,-9.2623,-4.2194,-56.273,10.643,-4.8737,32.491,-17.559,3.0328,-4.0479,5.8543,26.019,30.849,20.981,-3.2475,2.4415,7.2979,24.756,1.142,-12.505,-16.885,98.677,36.069,-8.533,-5.3084,54.079,1.3161,1.1839,5.4001,4.5175,-27.635,4.8501,-18.201,-3.9361,26.156,-3.9124,8.0735,-10.794,42.909,6.2458,6.9477,-8.1383,4.4586,3.8426,1.7062,9.6847,4.111,8.1402,25.523,13.986,1.1382,-0.53986,4.6491,50.158,31.928,-16.764,27.443,9.9342,8.0626,4.8048,7.7436,24.625,-8.1611,9.2608,-7.1509,13.781,23.841,19.968,-3.8484,-3.0135,32.99,3.1811,11.128,-9.4054,31.076,21.082,8.1536,9.8558,-11.091,20.588,-0.16754,-16.825,7.6642,-7.6934,40.044,69.695,2.1616,-17.978,14.844,6.9239,9.291,-14.141,14.473,0.27856,7.9997,40.285,0.53018,63.046,-2.5879,2.0657,0.65409,18.656,26.182,10.106,-28.104,15.806,8.2582,20.416,10.209,-0.4725,-13.544,12.639,14.244,-7.6957,11.277,-7.6225,-23.482,3.7805,4.6541,54.418,-20.877,36.955,60.444,1.4218,22.493,7.511,5.3274,3.5154,10.209,-5.6724,3.864,66.567,-9.2045,8.882,-0.21812,9.8812,-0.0099722,21.546,10.491,13.732,15.558,9.9201,2.4541,-23.086,52.369,-0.8928,0.91481,38.883,6.1788,-0.34706,-4.3524,10.76,27.353,10.613,2.6013,-22.916,15.933,22.479,-0.72332,4.4932,-20.213,12.43,33.447,17.316,-25.529,-16.816,0.67512,-8.9484,0.18768,39.185,1.7762,5.8641,10.544,-31.733,9.4245,2.0161,2.3625,27.709,-6.2273,-30.038,38.483,81.087,-11.913,-5.1076,43.627,-1.4168,11.338,21.993,25.87,22.796,-4.8405,44.028,48.884,-13.752,-3.7907,74.128,13.964,11.873,5.5436,16.38,1.0743,0.86794,-0.47755,11.874,-6.7151,0.79778,-9.1621,17.226,-7.5512,8.3621,13.164,20.643,5.7811,30.716,18.099,10.544,6.1444,-20.439,-4.0126,8.4698,-15.565,63.892,1.2197,20.78,-9.0928,-3.3861,-14.397,3.0451,26.777,1.4628,-5.4092,1.6044,24.825,13.69,-5.5342,3.3124,7.2557,11.354,22.885,-6.0258,20.229,-20.519,10.898,16.181,15.067,9.0424,2.0813,-65.08,13.838,22.097,6.2939,17.871,21.567,29.508,-10.042,-4.0301,5.2588,7.0116,18.742,6.1916,36.188,15.867,-3.2961,3.9347,1.5235,8.9373,25.54,-11.247,14.63,5.9307,55.474,7.8825,43.789,25.57,27.087,39.524,33.638,-8.7906,-13.807,24.545,-10.28,9.4959,9.0749,45.063,3.2993,1.1331,8.0209,9.083,18.888,-11.456,20.502,-31.966,37.75,10.322,40.36,1.964,20.164,33.824,-36.317,-2.302,-18.566,-30.052,0.064412,33.429,-33.856,28.577,-5.002,8.2224,6.2592,-6.3277,-23.327,-11.797,-4.2076,12.743,30.141,4.7289,16.534,8.4681,-17.825,16.013,17.932,11.058,0.53549,10.111,0.87705,1.1607,27.267,18.502,8.5075,-87.069,5.3412,16.48,12.379,21.861,-11.826,-0.72673,0.42042,44.854,11.122,7.8116,12.007,13.161,-8.0699,-13.989,11.026,24.41,-25.967,11.68,6.2538,9.3739,35.207,-23.875,20.43,12.763,4.7311,-0.52528,30.563,-6.6318,9.2079,18.82,18.758,-11.079,-123.03,2.2061,20.635,4.7949,15.536,-12.525,-1.9176,22.055,-18.744,8.7195,10.83,-22.402,6.2319,22.687,17.818,-62.834,18.418,8.2146,15.26,13.214,-1.2885,-9.5695,8.0218,-33.991,13.07,14.406,20.504,69.918,29.442,16.53,-9.5988,14.381,-13.403,9.4535,16.67,1.7458,19.54,-18.964,-23.729,34.29,-1.7929,34.229,28.217,-3.0024,15.118,-22.39,20.656,15,10.954,-7.5615,-0.22072,7.6267,0.38639,-4.4179,12.551,1.4619,0.082416,-7.1955,2.6357,0.66315,-4.998,15.638,-3.1801,-7.8767,21.856,-7.1452,14.94,10.578,17.509,4.4095,6.6654,-8.5028,-8.0931,11.969,46.068,-14.08,14.756,-10.536,10.506,8.0143,3.5968,-1.0115,25.653,28.195,15.567,5.9516,9.1649,8.3126,-15.374,4.0135,5.997,23.038,6.8948,-2.1847,6.401,17.082,7.2778,-4.9172,28.185,-1.1384,9.8565,-10.211,4.8642,-7.5617,-37.349,13.695,10.35,3.5154,26.704,6.0725,-30.632,-26.003,30.755,15.635,-3.7596,22.915,14.76,24.022,48.604,0.47674,-3.2228,23.664,-7.1723,25.518,27.853,-4.3456,-12.063,5.1483,-0.64297,33.543,26.45,28.169,9.843,-1.4644,0.29903,-2.5024,-29.531,1.578,43.394,9.9041,37.865,7.5162,-3.5488,11.932,7.6915,-5.6773,-5.5562,-3.5094,30.887,6.4099,-8.0038,-13.287,-9.9135,48.646,-7.7475,26.871,14.518,-23.933,47.88,-7.5187,3.5857,3.3196,-12.085,-9.0671,1.227,5.4891,-4.1659,9.3271,3.4601,-1.663,20.799,36.469,-6.1664,-2.1055,30.54,13.13,-54.422,-4.1578,3.0279,15.444,-10.036,-9.758,18.367,-0.46192,-21.059,30.454,5.3304,-4.7993,5.2488,20.145,13.675,24.798,-35.005,-0.42425,67.029,-12.923,-2.0616,-11.11,-12.015,14.168,0.63365,-29.144,-3.7892,-10.586,-5.4366,2.1331,6.3605,8.7999,12.293,-8.117,26.273,31.117,-25.299,1.4698,-20.662,4.9927,-5.5692,7.3815,-11.414,-5.5605,5.0199,11.422,-39.781,15.556,2.3742,-7.3968,16.964,-9.7591,16.477,13.486,3.8441,4.1803,18.429,-29.46,11.477,32.285,0.9804,7.953,7.3081,29.948,-8.3364,-13.574,-8.2287,43.509,17.772,22.681,15.619,-12.007,-2.2643,16.191,37.927,-10.61,9.3465,26.406,-3.4514,2.8662,-18.916,-11.113,-18.844,7.471,6.7689,9.5149,24.84,24.82,25.194,-3.7043,-5.4667,4.0309,-18.118,56.384,-32.708,7.4737,14.886,16.817,-24.07,3.9749,-10.796,25.385,-11.374,4.6282,-5.6421,6.1928,1.0016,-32.082,-0.86645,24.448,27.148,-19.338,-35.88,10.995,54.31,-34.179,-23.953,-5.8157,14.223,-6.8195,-3.5185,27.958,-6.0649,9.1256,67.434,0.91323,-8.9188,12.51,-16.713,-10.71,1.5556,16.097,-15.285,-16.442,21.043,48.369,-19.081,25.151,4.9431,-22.983,7.8928,32.898,21.277,-36.361,31.48,-6.9494,19.104,-4.5144,6.1906,7.2353,-56.606,12.482,3.0259,2.4399,-6.5411,-5.5865,-36.211,-12.984,-32.107,12.01,-0.77982,-5.14,77.151,5.4209,-3.3546,-28.64,-4.3353,16.144,-11.616,36.425,4.2136,-1.9333,40.768,-16.672,15.396,3.238,31.079,34.118,-7.5247,11.108,-14.917,-15.457,-8.3805,16.703,-36.261,13.729,0.31419,0.51328,46.939,-3.8234,12.194,-5.4902,67.16,23.404,-11.245,10.414,60.495,-2.5203,7.4515,9.7815,1.676,-12.46,13.555,-3.8964,15.977,-4.0394,-1.1563,-4.7216,0.93748,19.358,-7.9516,18.911,2.8659,4.9482,-0.87202,2.9161,3.2183,14.764,-17.621,41.544,24.748,-0.91042,-37.159,-33.488,-0.052355,143.29,-1.0248,88.222,23.069,10.479,-2.1727,-0.7466,159.91,23.002,-15.793,-32.23,-3.8,4.9953,-12.439,59.638,-0.67326,20.12,-2.7138,21.691,-15.373,-8.4232,-23.152,7.4093,-13.696,4.4701,-2.4045,-22.402,-17.505,-0.88118,5.8449,1.5864,-30.66,23.558,-24.542,5.1456,-89.928,-0.13643,-20.955,-12.597,31.652,-5.809,22.211,17.514,-4.8485,-24.199,-24.225,-11.894,-13.448,39.769,5.1706,-61.971,-1.3454,-20.906,-4.691,-36.497,31.068,41.069,6.4072,9.7507,-1.8315,-8.7448,-1.5855,-8.3595,4.071,-56.094,23.247,24.854,2.855,83.631,13.963,0.10501,-6.7614,21.905,0.82173,9.8227,-76.246,23.941,29.908,-35.661,-35.32,70.423,-23.055,22.806,-3.3281,-4.9252,3.9116,1.5192,8.2336,8.9359,8.6237,7.6689,-19.561,-2.9789,39.619,-27.193,-1.5667,5.4047,65.1,5.1017,-0.74403,37.379,8.0787,-20.855,7.5573,-32.204,7.2411,-5.4166,-1.5052,50.782,-16.355,21.003,-38.112,-9.9203,-8.9241,14.286,10.096,9.2159,-7.3578,6.329,11.393,-7.6584,15.422,9.3981,-2.2205,1.7754,0.24375,-5.6268,-4.3046,-0.4227,12.264,-35.614,4.2883,11.262,14.446,8.6227,13.393,3.6552,19.839,32.501,17.475,-8.9947,20.245,-15.072,4.8967,3.6507,6.9115,19.611,8.9333,9.4695,23.903,13.633,15.816,9.503,-87.102,15.929,-14.185,-48.364,6.9747,3.2077,11.531,4.8076,-18.565,4.1759,2.6275,32.165,14.662,12.204,8.7113,7.3896,4.9791,-4.5529,-16.944,-8.557,5.2658,4.9207,-1.8575,22.74,13.645,6.8726,13.145,23.851,-1.2114,-1.678,8.3411,0.57577,13.041,24.439,-1.1705,3.1782,9.2821,3.1864,12.209,12.623,1.2786,6.6659,7.6259,2.0187,6.0194,7.5745,4.0062,-4.795,10.227,17.75,6.9266,15.46,20.712,-2.4481,-28.064,6.3036,-5.9593,-6.2153,3.594,22.942,6.8809,-1.9541,9.7633,-0.95008,4.7467,1.5866,2.6029,5.9544,17.531,-6.851,13.59,20.161,27.196,10.322,6.1819,3.1902,8.4837,32.556,3.786,11.751,-15.383,4.7256,11.726,-1.596,6.5064,-4.7741,-12.56,9.7438,-31.42,14.502,2.4474,7.8946,6.2716,15.318,-11.195,-4.2098,9.6914,6.846,-11.965,42.479,4.4734,21.66,30.656,3.5679,7.11,9.429,-6.1192,8.3243,-1.1535,-17.345,4.5924,4.5095,-15.489,15.188,17.949,9.4789,12.601,2.1123,8.5183,8.5487,-9.6707,14.548,-0.2807,8.1387,-13.577,-4.6444,11.151,-1.694,28.298,-12.056,3.4054,3.7091,5.1314,16.914,7.501,6.8979,-0.64865,3.3473,-14.587,26.243,4.6002,-15.22,2.0223,-19.267,12.855,27.152,7.2873,-2.7553,1.483,2.4451,-2.9859,7.206,9.7372,2.0752,18.608,-6.8033,-2.0881,12.212,3.7847,-1.6474,-11.132,7.6329,-3.847,7.488,7.5495,-3.5424,-11.532,8.221,17.964,-5.7323,-28.574,2.2817,0.2816,30.57,19.187,50.726,-10.352,15.495,20.035,4.4923,2.9415,3.4103,7.4139,-3.7008,17.219,28.418,7.2319,16.218,-5.4885,11.216,22.168,15.367,-0.99944,28.275,-11.522,2.6458,41.257,25.066,3.2028,36.822,3.6531,15.442,12.089,-1.5263,0.65561,6.84,7.5018,17.722,13.036,11.175,5.5694,19.784,55.25,4.2403,13.399,10.829,5.9588,12.938,37.929,13.253,7.3596,9.2919,8.0075,8.467,-3.0307,13.24,20.995,39.777,0.81374,9.5725,8.7951,14.05,-0.057682,9.7574,4.9562,61.949,1.4188,-0.93306,4.5268,15.651,8.3913,-21.19,11.366,4.0803,-5.9507,12.704,4.7505,10.153,41.949,-6.1257,11.397,5.6813,5.7823,-16.166,-1.5071,22.58,3.9423,10.507,6.7671,47.573,-19.102,3.9689,5.6359,30.507,8.1097,6.3551,-5.3702,29.717,2.9691,2.2174,10.178,-1.2473,31.68,11.986,-4.1811,4.5841,-8.4365,18.199,6.1509,12.004,6.0771,15.204,3.9953,5.3497,14.219,0.44283,-1.7202,-4.7368,-9.65,4.9155,15.338,-7.3246,2.3381,0.71634,15.449,4.8094,24.552,6.279,14.862,15.098,2.9235,7.242,4.057,14.15,-10.601,14.839,12.138,-1.1436,5.4966,11.905,17.596,2.4497,-0.35274,-0.85557,25.95,-7.5412,8.3798,7.2615,14.57,-6.8901,11.328,-1.7448,8.7769,-3.3631,14.037,-3.2517,7.7466,0.83279,17.757,40.617,6.8547,25.481,-4.5402,9.2211,1.851,2.7856,12.514,6.207,4.0882,26.446,0.12094,-9.4732,6.9605,-9.4798,1.0974,11.434,36.729,-1.4345,2.8697,20.495,42.252,19.641,6.5118,7.1319,44.782,-10.629,15.247,13.488,-4.3751,12.618,11.064,-7.3329,20.273,22.127,-4.5978,13.512,6.1309,-6.0503,25.721,6.9993,-4.7804,15.101,8.6161,5.3012,0.92391,13.181,12.848,4.158,14.171,16.132,4.8035,12.636,-5.7717,5.6617,2.5344,8.3583,-2.3865,10.905,3.3205,54.698,13.734,9.4799,-11.755,2.6878,-11.111,1.8242,10.311,13.774,29.237,7.6096,3.8662,3.7279,26.591,12.243,15.15,8.7838,6.3345,11.555,20.09,10.905,36.563,-7.2722,3.2691,-3.7016,-3.3544,7.1066,-5.4347,16.341,11.677,11.624,5.8792,43.871,-2.4608,0.52744,1.2641,5.0162,7.6561,3.1403,15.325,-3.8781,-39.717,-4.1476,32.275,32.443,13.864,-2.3545,-75.439,11.28,-13.545,10.25,3.9194,-7.4796,2.2813,42.036,30.15,32.105,-9.7612,22.561,19.162,1.3061,3.8424,46.225,3.1509,12.023,-4.9887,2.193,9.5089,47.246,20.737,16.037,14.799,9.7717,22.744,13.568,-11.748,37.853,5.1599,-20.073,22.886,9.7523,-2.9597,10.125,25.983,1.8841,1.3981,18.105,-0.10372,20.113,-1.6628,3.1892,23.981,9.5979,13.589,25.512,9.3671,7.6433,10.351,-19.256,-2.9363,-6.7814,3.2329,14.137,33.783,9.777,-15.128,-13.65,21.37,-3.4353,-32.982,4.1582,-18.217,-30.193,-0.41278,-0.7999,-0.95998,-3.1959,-16.268,2.1947,-6.2617,-15.891,-6.531,9.6603,-17.152,-4.96,12.216,13.045,-27.893,-17.874,9.3087,13.98,-2.6382,11.033,17.458,22.752,3.2737,-15.274,-1.4772,50.196,37.524,-11.565,-8.8159,-11.257,9.3656,-3.361,-45.779,-10.475,34.244,-9.5525,13.474,-50.831,-21.461,-1.2829,3.2731,5.3603,66.625,-14.7,-6.2562,44.964,6.0961,-4.4612,14.672,21.937,-0.01379,-3.473,10.209,10.968,8.2938,8.684,-2.7373,-2.5682,8.5689,2.9248,-13.547,4.541,-51.034,9.0938,12.199,12.707,9.4874,19.244,2.0966,41.001,-3.5741,44.114,33.235,67.837,6.4262,-6.5121,8.8882,4.8711,-36.393,4.7979,-20.883,14.683,-5.1592,5.8379,-2.2255,-5.2893,5.0074,-5.7722,22.682,16.437,7.8943,18.105,2.764,9.9191,0.2908,6.228,-25.809,9.2861,-8.0153,-11.405,19.7,4.2755,-5.1843,24.078,-2.7175,27.444,44.585,30.062,-0.47119,5.0239,-17.153,2.4242,45.263,-28.172,20.849,1.5406,-1.8161,14.314,-0.16617,-15.783,9.3205,-20.435,-12.601,-22.675,-5.509,-9.4769,-30.629,21.498,7.3609,20.642,21.947,-21.751,29.387,-34.452,-7.0799,-23.574,-2.8357,16.798,-64.433,-2.6062,7.7576,20.635,33.395,3.6138,26.3,9.464,1.7385,5.7233,-9.0221,-14.111,28.405,18.409,-7.0479,0.95915,19.213,18.679,10.59,8.9318,-28.557,52.34,9.3317,8.7674,9.2029,14.57,9.8068,-15.663,9.3075,-10.662,10.017,-12.593,4.5245,-6.6504,-12.922,8.901,-4.5273,0.97658,1.6949,14.011,1.6672,-11.913,28.561,-6.9476,-1.0647,18.644,3.513,-11.96,-8.1195,9.4851,-6.4697,1.681,-2.3331,-4.0242,15.494,14.661,-1.0885,-3.3617,-15.163,-5.6926,23.314,11.916,-0.50563,-17.13,7.0852,-6.1864,21.171,10.025,-6.3216,-2.6816,11.257,-13.094,2.2118,-7.4275,3.0642,22.059,10.058,14.916,-9.0364,18.477,6.1725,-10.304,15.188,-9.273,-1.2628,10.495,4.0988,34.245,-2.1797,6.1913,-10.316,-11.784,-2.0149,-5.4505,11.757,7.5541,7.6792,0.40184,35.701,24.692,-7.9438,-0.87771,-0.29062,-2.6618,-0.38249,3.5824,8.8438,15.937,15.257,-7.3829,35.486,22.162,13.645,8.4215,-36.86,36.355,-12.433,4.6006,-3.7401,-3.0409,-5.5885,14.075,-7.0969,9.2631,14.409,5.9514,-7.0962,-5.581,18.959,2.6164,-33.732,-7.6015,9.3607,-4.9134,11.534,23.621,-5.1486,-23.692,0.12668,-1.2148,20.532,22.159,-18.472,-0.77531,11.817,5.7141,21.077,13.567,32.651,12.778,5.6186,2.5775,12.518,10.285,-7.6082,-2.8066,11.968,10.58,11.122,-23.745,1.4987,-5.7424,-6.5522,-7.611,-3.3868,-4.0815,-1.1732,-5.722,18.921,26.791,-8.0904,19.732,9.3586,2.6338,8.006,-18.124,-28.592,-5.257,-3.5316,-10.963,54.798,-0.32467,-0.63113,76.101,-5.3429,7.3116,5.5837,-5.6598,-6.9853,11.456,-2.1091,-12.191,13.796,-3.5408,-19.103,5.6817,32.68,-9.6585,-4.6674,-24.895,7.6221,3.9139,16.659,-9.6422,7.8953,10.114,6.5682,-6.6858,0.41977,32.791,-6.6789,3.5811,-4.5545,-5.7159,-13.617,-25.814,-8.3006,4.4393,12.516,-2.7348,7.5353,-15.932,0.5953,-15.049,35.893,3.8951,-24.785,-9.823,-19.211,28.559,-0.29855,3.8195,9.4147,-6.8968,0.21275,84.576,25.583,-3.7005,60.158,2.6245,13.539,7.1627,-0.095831,5.9157,3.0601,0.8938,7.004,9.0517,14.67,-4.2785,-2.0719,12.471,30.155,13.583,12.825,7.4706,7.1587,1.4505,32.575,0.73038,2.7458,-38.055,-2.9357,-1.5885,-3.6226,5.9686,-6.3907,12.352,-0.2291,-21.096,-18.416,-3.7289,20.973,-28.248,19.382,8.8097,11.921,-15.941,8.4503,9.342,1.3328,-19.962,-4.8967,28.477,3.6858,1.5825,22.7,2.2197,-0.45508,-31.911,-14.068,11.434,38.938,7.4514,-39.839,0.25217,11.762,10.635,14.575,-5.6697,-13.087,-44.904,-3.9733,8.0899,7.5794,-7.8193,14.971,24.216,19.873,32.233,-19.916,-2.6207,-4.0087,11.833,5.9782,-8.8686,6.1154,-28.002,21.844,9.9109,2.6804,30.28,19.449,23.426,-4.8908,-10.275,-7.2257,15.814,17.001,16.741,11.016,8.6721,2.3863,4.7619,-42.05,11.502,-12.54,6.3509,22.972,11.183,-23.248,-0.53857,3.3455,18.681,-3.2824,-0.5172,-0.43978,14.952,2.7291,27.638,-2.8426,0.82773,6.8929,5.9286,-9.3217,-1.0899,15.4,11.002,-1.2548,0.23293,3.3787,7.7228,-12.938,-9.5569,21.525,-24.002,-4.6764,1.6273,-4.4818,40.879,4.8675,9.2212,5.3064,21.176,-8.6491,1.205,0.57502,1.0499,-18.24,41.478,6.7058,6.526,-9.5544,0.26698,2.6036,9.3135,-46.194,-2.2764,-9.4987,2.4904,31.616,-17.153,-2.9685,-14.167,1.5924,-3.8249,-9.156,-26.46,32.042,9.1023,13.392,21.904,-8.4716,3.0732,-12.581,11.712,2.9189,-1.0959,7.3328,2.1588,4.3673,16.347,1.5767,10.197,-9.2179,13.86,-17.25,-25.468,7.8546,13.018,8.9989,10.243,-17.374,14.977,1.8013,-2.7822,-20.046,7.1752,-1.6896,19.276,8.7113,-8.3289,23.119,2.382,-3.7529,8.3996,9.5265,-16.708,22.753,1.6252,-7.6805,-2.7068,4.006,5.8268,10.086,58.777,19.17,0.89655,-26.468,7.1342,9.3876,-33.733,-6.2183,20.635,8.4106,7.3935,-7.0382,21.841,-12.156,31.514,16.801,14.453,-35.524,-19.59,0.51909,-33.42,-41.021,33.469,-35.352,-6.373,19.872,18.321,-3.2649,-23.653,4.1234,10.561,30.714,0.94972,15.504,19.831,-12.288,19.382,0.077992,22.726,18.102,5.054,-10.057,13.206,-6.1331,1.7824,7.0957,-10.429,11.411,-0.42082,-6.5573,6.2311,-176.16,9.041,50.947,-38.138,-1.6433,-7.0066,30.764,1.9453,-112.9,6.612,-6.6077,0.55109,-2.3018,19.908,13.728,22.514,-4.0968,0.38901,7.2576,-3.09,16.818,-1.6756,12.38,17.519,11.327,-2.8872,48.756,5.0054,-23.887,33.699,-21.203,26.875,8.2373,-7.2386,-11.911,22.94,7.0466,1.8224,10.377,6.4324,12.74,-3.4729,1.0609,6.0013,2.0214,21.911,-1.2942,-5.6845,5.7859,-3.9567,30.461,-10.333,22.419,-0.46043,-36.69,14.495,-35.848,0.64725,-2.7573,3.9438,19.072,-18.782,19.934,28.69,-8.6446,-27.39,-4.6104,24.225,0.27268,1.7453,49.196,9.5595,-11.561,43.967,12.041,-24.287,-53.482,-36.238,0.52758,6.2928,-69.553,19.493,4.8922,-31.952,-1.2141,-2.8783,4.7644,1.5043,7.8917,-1.9056,5.026,-35.981,-53.796,7.1584,9.6607,-11.669,-6.7341,10.054,6.0282,15.994,18.289,24.095,4.3115,0.44443,-3.9929,-1.1706,-9.9041,-14.57,17.983,-13.642,-2.546,8.5113,-2.1273,5.1808,-4.3674,4.8961,-39.722,-18.767,4.3191,6.9577,33.018,3.0408,-0.35476,14.353,-11.461,-39.516,24.042,12.987,-0.032445,5.2338,16.065,19.983,2.2295,-3.4774,-3.8109,2.1652,0.80719,-14.955,23.432,-8.6847,-5.1677,-0.32346,-7.5755,12.394,10.868,13.986,-12.108,24.678,-5.9946,18.272,30.996,-13.797,-167.52,0.45794,7.101,-11.081,7.222,-5.9825,-33.502,-9.8673,35.083,-1.8376,32.59,10.205,-8.97,-9.5828,28.447,-60.764,-9.0272,19.804,-1.4612,22.649,0.18972,-192.38,-31.761,11.826,11.955,-13.702,-198.69,-7.9501,7.6464,-5.9888,8.2615,4.2484,8.5209,4.0111,-22.973,-0.57532,13.451,25.178,0.96297,11.615,2.0292,-2.5727,-6.0593,-3.7014,8.5935,23.309,17.31,1.1512,8.1546,8.1455,30.632,11.481,28.357,8.9365,1.9808,24.458,13.828,33.876,4.5083,2.8526,3.5021,8.3279,-21.529,-26.791,-34.645,-29.286,7.9925,4.114,6.3997,0.56418,11.896,1.7056,36.794,7.9753,-6.3998,-24.481,32.067,7.7012,-9.3587,0.97564,0.48733,2.2301,7.5624,-2.7122,39.087,44.433,21.367,20.805,9.2085,31.431,-6.2777,18.364,36.403,16.467,-1.394,-3.852,15.223,18.068,0.89162,-6.3173,5.9571,4.6421,-2.218,13.26,-8.6178,5.4184,13.833,16.456,-6.7125,4.2844,-17.945,-5.5006,29.986,-10.933,3.8679,6.5375,-14.45,33.25,-2.2051,-13.108,24.006,10.45,11.811,-22.625,-2.1302,-20.324,17.364,1.2763,-22.551,6.9215,17.972,6.151,12.609,22.998,-16.539,5.5631,8.5484,-29.926,-25.589,-16.902,-13.248,3.1506,-3.0962,-30.914,-0.57952,18.703,7.0208,9.971,-0.4524,61.668,-5.4632,22.045,19.721,10.613,-42.688,12.735,0.26509,-13.178,6.8951,-15.952,41.169,-14.877,4.127,-5.8712,15.376,-3.9093,-1.0225,-9.474,11.978,-1.4183,-2.4846,-12.786,24.271,-6.5946,76.269,92.676,10.319,-19.939,6.2176,-15.24,-6.3805,35.033,7.9256,4.4859,4.1405,16.331,0.85932,-2.0365,-12.215,45.722,-16.676,-7.5968,4.8251,-38.689,11.896,-15.643,-1.3395,-3.6552,0.76722,-10.624,14.018,-3.8082,27.033,0.49146,6.5884,-11.263,14.518,9.3014,19.684,-16.481,12.292,29.377,49.688,-0.52466,11.092,9.385,24.146,-12.766,27.9,9.3986,-16.271,4.2963,6.5891,-14.928,5.7795,-44.452,14.894,-20.605,13.884,11.525,-27.192,-6.1164,-12.565,36.492,11.253,26.433,15.87,-16.795,-15.2,-3.3937,5.7834,11.011,11.182,10.741,4.9505,7.5605,-21.745,11.672,11.092,3.72,6.1397,-35.705,8.8068,12.983,14.437,11.337,17.544,-3.5565,-14.742,12.782,-8.5828,-1.3743,-44.098,1.1492,21.742,2.826,28.129,6.902,13.814,-3.5362,-2.0247,9.6459,29.514,-1.685,57.154,17.831,21.739,-2.3814,9.0986,-8.3672,4.4257,22.833,11.928,10.331,21.537,-5.7849,-9.8033,1.7256,1.9504,8.4095,-7.8884,17.25,7.975,5.0044,42.352,15.276,3.7773,24.146,15.978,10.595,13.245,10.915,3.5442,37.468,43.259,5.0583,22.536,-18.93,-18.85,22.032,15.297,4.9379,-17.391,-31.537,21.453,3.4468,16.236,-16.579,-3.8778,5.3068,7.9551,12.829,2.3758,33.742,14.27,8.8125,1.7952,31.962,47.413,32.709,-9.5373,8.5521,29.775,10.066,-17.732,3.1216,-2.9103,17.522,-1.1997,-26.015,50.602,4.7607,-1.8747,-16.331,19.392,-16.736,5.7291,21.624,-7.5994,20.167,7.5658,7.0698,-24.767,26.824,0.50852,-11.199,5.6805,14.279,1.3441,9.9152,4.7059,-10.632,14.051,23.068,15.324,6.6738,42.257,-12.296,-4.8062,9.7706,7.3277,0.1779,-1.8907,-4.9678,1.6292,-10.47,12.65,21.969,-1.3786,9.914,46.756,25.77,-5.2428,-1.2088,-0.91384,-7.1748,-8.1418,18.419,-17.165,14.345,3.7196,6.1882,3.4953,4.649,-8.6823,-7.8723,1.1068,7.5017,3.9131,-9.0662,-0.24112,-7.2613,-1.6443,4.8595,17.617,10.073,-7.6246,4.2354,-17.732,0.62382,13.993,10.049,16.48,-0.78164,7.0752,8.9437,-3.0153,24.546,-12.264,19.029,2.9837,53.402,-13.389,8.1444,3.9943,-5.8185,22.518,27.574,3.2895,44.469,17.218,-13.004,-13.884,-0.50961,-4.5025,14.714,10.565,-2.4989,-15.688,6.9065,20.095,11.884,20.917,29.687,16.029,-8.6431,0.23852,13.402,3.8947,36.774,-16.208,5.6939,51.641,-14.933,-4.9213,38.504,11.352,21.992,-2.92,-4.5107,57.02,5.3928,16.749,-2.5739,29.522,18.844,3.1584,3.3314,12.063,24.963,-1.7928,-6.3732,2.3306,20.611,1.3807,37.311,-12.135,-2.1537,-32.036,35.729,21.841,32.905,6.4084,60.482,40.1,-0.089156,-29.951,13.489,2.4967,5.3878,60.243,3.6007,19.492,-7.5069,41.011,-1.9484,6.6655,7.3357,4.7726,0.88427,-3.1027,2.6068,-2.3221,-6.3807,7.2134,-5.1594,-2.9926,17.608,52.127,0.1464,24.633,-12.931,32.124,-3.1557,38.065,26.218,24.791,8.1099,19.047,24.2,-10.911,1.3656,2.0915,13.322,8.1617,-2.1829,9.1324,4.8555,16.768,8.1953,32.403,85.902,20.392,20.149,3.6145,-4.2024,5.5115,-12.253,0.015693,3.6857,21.832,36.224,23.583,30.147,-2.9761,7.1021,26.252,2.5372,-14.717,7.5895,46.339,-21.59,2.3155,-15.559,-22.112,1.9886,-29.051,-47.05,139.61,-4.2671,-86.711,-9.4919,14.143,-11.294,13.592,-9.2429,34.648,11.723,-4.7991,11.246,40.731,-109.59,36.671,21.602,-11.566,16.856,13.711,-42.805,97.136,-125.22,-135.36,25.77,-1.5068,20.797,43.657,1.0943,-1.8701,-30.029,-6.8924,14.921,-3.7431,-15.399,89.988,5.6228,96.7,15.308,54.395,-2.5635,15.607,-29.362,-10.938,-122.99,27.934,-8.721,-9.6519,-13.393,72.741,-146.86,-3.9064,-1.2864,-8.2636,-24.481,-22.344,4.374,56.678,-1.3157,30.17,44.774,14.5,-11.136,6.1984,11.862,3.8712,-8.14,-18.778,10.876,-17.429,-17.734,16.601,10.705,4.8877,-10.099,-30.238,-27.214,103.21,18.694,-44.895,-8.3285,13.117,27.279,-10.986,-1.1514,13.879,46.132,-2.8018,-47.541,33.64,-84.973,33.375,11.881,-1.0972,-5.3141,3.5294,31.867,-17.552,-6.5631,-5.199,-6.1383,-3.1723,15.35,-72.785,50.721,-35.672,6.3966,-141.54,4.9129,-27.429,-48.419,10.751,15.653,-8.9453,-33.888,-4.7608,-12.053,71.115,-23.052,-8.0973,24.318,-10.633,58.914,-15.415,20.428,13.656,28.616,8.5565,9.9704,-7.5097,3.0891,25.495,-62.213,26.943,6.5376,-33.057,13.685,-51.681,-21.361,7.7113,45.433,9.9965,82.508,53.166,-14.336,-10.25,-27.49,15.994,-11.557,37.4,24.655,-23.063,28.948,-14.879,56.313,61.891,9.2019,-0.83742,0.17724,41.441,60.519,-20.643,-73.659,-5.6647,16.575,5.6351,-3.263,6.7145,25.477,1.7648,1.8036,-5.3696,-1.3324,7.7376,-5.6037,-181.29,33.172,1.3458,-6.6511,-9.2569,14.914,17.688,7.7489,-9.9528,-2.4966,8.306,-15.17,-8.6313,-6.2462,-45.184,-0.84804,85.154,-10.558,-31.935,-30.84,3.9327,7.9784,-130.83,51.336,-9.2092,-23.848,-115.31,33.937,19.009,2.9559,-12.051,-2.9971,-10.83,7.3162,21.334,34.273,-16.146,-151.66,8.3025,31.325,11.657,0.35836,-4.0777,7.8043,-31.203,25.618,1.6303,-23.882,-10.08,8.604,1.4563,38.902,18.496,10.793,-12.536,-13.815,-3.2637,-3.9508,-3.934,7.1306,40.488,2.6047,13.323,-6.1339,56.875,7.4799,1.0964,58.953,26.617,-9.5793,-4.2426,-0.094836,-24.375,2.4206,-15.096,15.216,32.699,22.245,8.0589,28.275,-5.4751,5.6951,0.95587,47.344,-3.0723,22.849,-6.0004,-7.0567,42.365,21.694,6.3532,6.8776,-10.675,-4.4439,-32.892,-2.9229,-0.71502,21.386,10.292,59.977,6.6682,-11.544,-4.523,0.95696,-19.223,4.3454,7.1755,3.3952,34.529,6.9404,0.33413,9.8904,17.871,32.126,14.127,12.041,4.4169,4.4436,12.953,3.0717,16.435,27.365,38.263,10.275,20.166,-5.7729,-7.5088,22.126,44.24,-3.9768,37.169,21.185,0.80888,15.713,1.6019,-6.6412,-25.005,19.808,8.6188,26.616,-14.574,4.5484,-13.742,-3.6408,3.4345,15.29,22.882,-8.2427,0.98474,3.3308,1.0532,-9.4004,-4.4598,42.004,11.084,19.224,3.6967,15.782,-6.7715,0.13773,-0.16702,-20.578,-7.3188,-1.0864,14.794,-2.4526,-2.5679,-2.6948,-16.743,9.6929,-3.4585,21.063,-4.8659,-15.419,18.256,-3.1555,6.8346,0.1115,-6.3531,-11.896,0.49924,15.434,-10.475,4.0063,-12.628,-2.3761,-20.724,3.7565,0.84853,3.3827,29.673,9.4283,18.278,4.5698,28.395,-5.3911,5.237,8.6892,38.312,1.0402,14.327,-1.2538,-8.398,-6.93,-2.9779,15.545,-0.37434,-3.3354,49.585,28.701,18.186,7.4702,27.918,13.912,22.506,-1.3464,-5.1241,-0.47281,7.4605,17.172,11.168,-0.76309,-12.219,10.308,6.0053,-3.9554,2.9914,48.26,-11.253,-2.0379,21.295,4.5238,11.946,-10.492,-3.3011,5.174,-18.95,-1.5576,19.889,7.2155,17.725,39.953,17.234,0.049724,-11.154,-18.08,51.969,16.806,31.506,50.428,12.83,-11.798,40.307,27.2,1.9477,-0.51885,-1.9601,42.426,-8.0318,29.27,10.419,-5.6817,-4.6233,-0.019538,7.1389,3.7834,-4.5722,5.006,-19.748,1.0669,24.367,44.177,20.475,-9.6048,-15.739,7.4411,-20.293,24.546,12.727,29.382,28.657,19.826,-4.0575,2.183,16.837,4.228,15.662,16.564,6.9524,-11.767,19.603,-3.4846,13.115,-6.077,5.5895,-23.049,5.7261,-6.3976,9.442,15.008,10.773,5.3475,-2.4217,-3.291,25.686,3.3614,-7.571,15.692,-3.2507,24.63,3.8713,-15.418,4.092,9.8077,4.1117,8.609,6.7604,9.4521,3.9597,9.0661,1.3006,5.6457,9.8163,-0.86946,13.012,19.649,-1.0711,34.501,11.239,17.776,-2.0164,-6.33,7.9142,-0.82303,16.035,16.206,9.7223,-37.395,17.895,-1.8277,12.629,34.391,6.985,9.9089,7.2081,8.7897,39.31,20.094,-29.257,-7.74,2.5651,5.4186,-37.133,0.92683,29.433,2.8172,3.0344,13.96,20.285,11.883,-20.75,17.948,-7.0277,-1.4848,-1.4637,20.013,5.0556,6.0139,2.9171,8.6063,-23.056,11.224,16.547,-3.5637,20.865,8.1077,24.707,2.4552,-11.867,-3.8078,-5.4105,30.498,13.751,11.687,-0.13837,12.232,18.181,37.141,20.695,11.273,5.7991,16.7,-3.673,-9.3489,31.685,8.7782,0.99059,5.281,19.466,6.6089,4.7717,25.975,5.3068,-6.9376,47.227,43.355,16.461,16.641,11.605,1.9625,9.0264,8.4574,0.54192,-12.539,-8.0982,3.6446,5.4344,5.5756,-5.0167,9.3581,-10.686,11.184,-1.1904,10.17,-4.6415,-3.5206,-4.1575,4.9669,6.2798,10.295,8.842,3.1335,16.362,10.034,-15.433,11.612,21.195,19.912,7.5583,4.6795,3.9575,2.5166,16.435,20.149,16.15,4.8657,3.6035,-17.067,1.3662,4.186,5.7673,20.271,-2.3372,-16.189,-27.053,-5.8668,2.3214,25.413,25.658,1.8789,3.598,-8.0724,41.589,0.21208,6.2683,23.981,14.554,2.1712,4.7276,17.231,6.6049,-2.154,-3.0881,18.719,9.8154,1.2401,8.3914,29.176,12.357,-5.3763,31.094,23.106,9.2168,34.361,24.117,-6.77,21.755,11.974,3.7991,-2.1111,-2.0256,3.1368,-5.904,-1.775,13.625,20.205,-7.2209,27.511,1.2759,5.9096,0.73701,5.6363,-3.4156,8.2263,14.469,-2.8762,11.893,-0.60226,-6.5333,-4.6009,4.8704,9.2531,23.757,0.036037,-5.7638,1.0742,35.449,-6.2152,-22.361,-15.047,6.0532,-10.821,98.756,10.732,64.701,16.387,13.955,6.2396,10.163,29.728,-3.4995,9.6012,-24.803,-4.8327,-8.7871,3.766,102.9,1.4592,-11.872,45.029,-6.71,-22.906,2.5481,9.9936,-1.8922,2.4614,-6.9941,-19.456,16.832,53.055,50.069,-2.8123,-2.3997,8.4773,3.1961,11.808,16.396,1.4141,-0.20789,-7.5511,19.181,-2.0215,-12.997,43.008,79.581,16.571,21.766,-6.4335,44.807,0.32704,81.292,-6.4433,5.6307,-23.211,-14.394,-10.825,-28.443,-23.175,81.679,-8.8786,3.9718,0.49022,-8.4523,0.47928,24.159,8.8948,58.241,-2.5176,28.036,71.622,-20.906,3.1451,-35.637,5.5843,-14.87,16.629,-7.0219,2.8362,-30.176,25.991,41.591,4.028,25.582,-5.1888,-9.9421,-0.48052,-15.36,20.924,-6.0311,14.451,-13.255,-6.4197,3.749,1.1316,-5.295,57.502,-9.5138,42.006,27.591,39.961,-1.7931,-7.4355,28.483,14.656,9.5778,50.837,1.0588,-13.504,55.527,-1.4087,21.219,-12.024,-14.847,24.192,68.86,-2.6188,41.878,2.7541,93.433,20.28,-15.128,23.476,68.349,65.696,-14.505,-14.563,57.131,75.874,-7.9017,-18.215,0.97067,10.817,27.456,-28.691,-10.374,4.2295,-17.295,-31.268,19.188,48.627,-8.6291,-26.236,-3.5399,64.751,-12.159,7.9266,13.176,13.153,-6.9749,17.697,64.834,-11.783,-4.9114,10.523,-20.87,-3.8479,-1.2742,-2.3178,8.5676,-92.628,4.1696,-15.973,-4.7996,-3.2491,-3.8899,-5.4953,-80.261,12.576,29.004,-36.633,69.316,15.057,-0.76377,-7.5936,11.08,-14.637,2.5042,58.976,8.0225,57.596,20.78,-8.4613,2.3187,43.9,-32.991,-23.727,0.97477,-39.514,-17.549,-54.848,8.6994,-18.117,-24.775,-17.647,-5.9994,6.6757,-14.176,-22.212,12.729,15.744,61.644,-55.648,-35.686,113.11,-24.537,-7.1985,8.0022,15.679,1.2077,103.97,-23.866,47.317,13.727,-19.784,-18.227,-16.996,-6.035,-19.568,-12.914,4.194,-21.253,28.27,20.293,-6.0096,45.739,51.379,-45.894,41.156,-1.0596,35.843,18.491,17.603,6.7456,12.757,16.085,-16.656,25.936,61.587,-3.2547,63.571,11.356,22.039,29.088,5.9796,-9.0143,4.3115,-28.821,16.889,31.877,0.6313,-9.1343,-2.1132,-1.0393,22.36,-0.68581,2.707,-6.7952,-3.3235,0.063837,12.514,-1.1882,7.6419,13.347,-0.72776,-31.133,26.83,0.7573,49.826,-3.4573,12.329,25.641,-31.113,-33.434,-6.9037,17.091,10.782,41.556,-11.354,-5.4127,4.1052,5.0761,10.352,-1.4264,4.8319,42.615,16.09,3.0833,0.026691,-6.881,35.804,6.2022,-18.082,8.2975,-5.8264,17.796,10.933,0.12135,11.51,-7.5006,7.8954,-1.7021,-6.8275,12.068,-6.8602,-16.285,19.387,-3.3101,3.3019,20.993,-3.9126,19.543,41.982,11.758,-4.8583,18.333,79.338,-28.188,-0.48877,-23.046,65.811,-11.108,-3.5514,-10.66,-19.666,-9.1677,-14.969,-7.117,9.8869,-3.6364,25.172,-9.2089,5.5817,-5.1378,7.6119,-2.1868,-4.5535,0.1585,10.188,24.216,-14.475,2.2788,16.195,9.2529,-24.573,-7.3209,-40.096,52.496,-1.415,14.952,-1.2027,1.5169,21.225,-1.6297,5.6309,11.219,4.1881,-3.7286,26.406,-10.235,42.51,-7.2656,-7.1045,20.848,0.05156,-5.4752,-3.2275,5.9147,-8.0081,-15.353,-17.388,-32.423,-1.2665,-0.95911,7.3124,-30.057,-12.233,29.117,-0.10059,10.632,9.1104,32.853,7.0593,13.318,-4.7921,-6.2716,-5.2466,-1.3444,21.036,1.1584,4.1995,-4.6949,5.2903,1.1211,3.4827,1.082,-9.4455,-12.123,-0.87058,3.4887,5.9999,-3.7484,0.089068,5.0483,16.775,-19.438,15.86,-44.153,-7.7411,9.0821,-6.9192,25.21,27.402,-6.3352,-22.854,11.025,-10.392,-4.0834,-33.538,-20.681,18.43,4.7826,11.324,-25.78,8.3541,-7.3947,8.2407,-15.275,-22.119,13.694,12.22,-17.178,-13.584,-3.8824,32.103,-4.607,0.90582,31.761,9.6104,-7.649,2.9923,19.423,18.071,26.768,29.913,7.9494,28.988,47.463,-5.8254,41.676,-11.898,29.306,26.938,-11.713,8.9409,5.6947,5.8975,-29.008,27.039,-2.5001,25.467,-22.286,23.357,4.0475,26.55,-0.89506,-1.4819,5.5461,-11.37,-73.232,-3.7688,-3.4063,-50.143,-5.2434,14.166,-57.528,-11.518,-6.5481,-4.8539,14.056,-10.47,16.318,-1.6185,-2.8559,-5.741,8.8364,-16.253,2.4135,37.087,-10.34,-3.711,9.2637,3.6037,15.173,1.4919,52.154,30.423,18.809,5.0423,-29.805,6.8154,15.748,14.008,32.831,-13.829,66.624,-22.264,52.718,-13.546,-12.876,14.101,33.394,5.7268,8.8261,11.475,-4.696,-24.856,-16.544,-6.1248,3.4521,-15.784,1.1907,21.121,3.4715,13.973,6.1128,7.3107,-3.5208,-1.3471,-50.558,62.338,43.098,15.895,26.215,-26.514,54.436,1.0026,-44.785,-6.8901,51.57,3.7171,39.34,-8.1404,-2.7845,-16.661,-1.5731,-6.5572,13.235,-45.527,-7.6173,-261.74,-6.9638,-27.189,6.2177,-22.617,-25.426,-14.954,0.032771,0.26757,-31.195,5.8386,-5.328,-4.0036,-11.309,-2.1566,6.5307,5.5417,-4.5003,-12.515,21.455,60.52,-0.21762,25.082,4.9685,-34.797,74.075,10.568,5.6013,30.732,-8.9113,10.77,19.411,-21.511,-7.5097,24.912,-18.428,12.737,-10.501,3.0757,27.018,4.0469,6.3009,11.675,-1.4089,-4.1442,1.3677,-4.235,22.956,2.2143,14.826,-3.1935,41.6,7.6317,11.697,-0.78783,15.649,3.8301,-17.114,-7.2594,7.5528,1.8559,-14.795,6.8741,3.0975,-29.146,-80.172,5.7044,10.601,-16.933,-14.348,-11.439,4.9489,2.4579,52.459,-6.5472,2.4463,13.893,-21.717,-2.8981,19.745,2.2022,7.9307,-32.047,4.3179,-1.7493,10.724,3.5702,8.7421,10.304,1.9438,9.8277,16.502,6.7237,0.24049,18.083,53.942,14.597,-25.063,-5.3563,18.384,-5.9316,-8.9843,-29.043,7.7986,24.652,8.2963,-16.696,18.514,-32.062,4.7,27.207,-68.828,-17.192,14.894,14.885,12.85,14.717,35.75,-281.44,14.088,5.2167,15.52,7.8686,39.991,-5.309,82.254,7.5961,14.718,-29.835,12.304,12.552,0.85539,-2.5542,-1.4847,-11.456,-35.33,-0.44403,6.7552,1.4565,2.3811,14.736,-30.451,7.0221,-9.3828,1.121,-9.133,13.475,3.2648,3.5845,-2.4293,-6.5569,7.6662,14.376,-18.349,-164.27,-0.020054,-13.175,21.888,-11.783,3.3726,18.675,8.2572,-26.384,-11.523,-10.469,7.3445,9.2847,3.1719,22.92,3.7936,58.047,15.458,-8.3067,16.484,6.3734,0.69011,-3.6034,-4.538,1.7162,-2.3698,-7.1159,-4.9921,15.931,4.2627,1.3848,10.103,-14.838,-18.821,3.7387,-1.3493,5.1504,-8.1834,4.1496,-3.5142,10.593,5.4152,-18.386,0.88437,-7.6008,-10.526,3.4993,33.696,1.0172,-13.923,-1.066,28.341,13.717,-5.2395,4.9902,5.594,-16.261,-20.603,4.9603,-11.276,-2.0158,-7.3587,6.4958,-8.2078,-45.683,-5.7882,7.6717,-146.95,8.5859,2.1669,5.5517,-7.7333,1.7249,-9.3782,-12.488,25.372,13.305,6.782,-47.959,-37.331,-13.269,-9.8073,23.142,3.4911,-4.9512,-10.312,1.4471,-8.7289,-12.912,34.189,11.891,-2.082,11.338,15.042,3.8512,5.1396,14.051,-1.0349,-8.8344,-9.5829,51.743,-7.1126,-24.597,-1.8833,0.33309,-9.8586,22.605,-5.0427,-8.8367,5.1859,-2.1414,-19.235,-23.632,-2.3849,0.78761,-1.2868,-11.443,-0.12464,-167.55,4.4402,16.3,-2.0797,8.2917,0.41555,-25.131,-11.393,-1.6632,-7.2014,18.764,-12.765,11.965,-25.866,1.0679,-12.355,10.036,-6.6017,-277.89,-22.419,-1.6605,33.306,-9.191,3.5686,47.529,-12.522,-2.7746,-0.42825,8.7129,21.129,7.9767,-1.2189,3.521,-34.895,12.919,2.7289,8.9079,-15.143,3.6113,-12.85,7.3838,-13.653,11.769,14.252,13.983,-212.46,-19.317,1.7503,14.069,-17.974,-3.6473,-7.6296,1.9418,4.3875,-1.336,-2.9406,-4.5503,13.878,6.1513,-14.943,5.7923,23.257,-22.391,4.7759,4.8819,-20.101,3.3489,-3.9497,0.055246,13.647,-0.52437,-8.8805,-1.6293,7.6428,-3.1981,16.847,2.0459,11.393,-160.15,-2.322,7.3752,-20.827,4.8119,42.181,20.047,-35.127,4.8996,-177.67,5.259,-0.030283,6.1481,15.319,-9.5337,1.4561,-1.8242,-2.4737,21.738,-8.4685,-1.6322,9.1257,-2.3564,-23.767,3.8874,-36.765,11.671,30.992,-4.7355,-6.1663,7.3867,-14.191,-5.4776,-36.832,-0.44754,7.7139,28.458,7.2551,0.68432,-1.3156,4.3115,0.59142,0.84603,-1.6241,-17.633,28.302,6.3944,-2.844,-24.292,-33.168,15.03,5.6322,10.385,-11.701,39.819,16.235,6.9204,6.4507,-16.537,-22.324,11.002,16.841,-18.944,-21.193,-11.059,-9.0033,46.673,-2.3906,3.2555,27.787,8.6899,24.675,-10.383,-1.818,-32.838,6.8762,3.6864,-9.3541,-29.328,-2.127,5.2265,-0.98766,-6.8572,3.2899,-6.5697,0.6394,65.949,-17.899,-3.9194,-0.89126,21.935,6.5723,22.396,8.6831,4.2513,9.0365,6.0502,-12.909,11.455,0.62314,3.8979,32.163,-14.303,-3.7341,-1.9177,-8.7229,-11.955,-1.046,-19.446,17.591,-3.7431,14.256,1.6744,10.164,-17.625,-21.303,13.925,-15.549,-23.411,-3.5453,-0.43734,-0.89564,-0.4268,-6.4671,14.887,3.8916,5.1571,1.9043,21.671,-4.4267,-23.958,-15.655,6.1156,23.583,41.272,52.997,-0.95404,3.973,19.468,23.556,1.7017,-1.0785,-10.786,-12.443,-19.129,15.515,15.779,22.447,5.9041,34.606,0.72657,15.326,-4.633,-15.26,-10.916,67.782,15.427,2.8252,-19.407,17.434,-0.089599,26.154,6.9332,-12.722,16.844,-32.039,1.9701,0.47844,9.7142,11.511,4.2205,13.168,23.36,-7.6568,6.6262,5.1446,5.8248,-22.737,-6.4931,2.4992,3.1076,2.6029,-18.937,22.603,-19.667,-12.68,32.622,-14.911,-2.2835,23.83,24.846,0.49043,9.4923,4.8168,12.237,22.054,9.7643,20.251,8.9812,18.232,-3.6608,34.746,29.597,-2.035,18.926,21.669,-0.78543,-10.554,-25.032,-3.1249,-21.287,-10.351,29.153,-6.604,-5.1866,-2.8706,37.078,-8.7839,-14.168,-8.879,34.652,-39.4,27.16,-14.781,-11.089,7.0644,-34.598,8.3553,7.4461,-98.539,-0.87615,1.3584,15.266,-5.1247,9.4007,17.796,-4.121,29.88,-14.805,29.005,-3.3128,-18.125,22.953,-10.615,-4.7157,1.832,29.843,10.167,33.944,2.8568,-19.098,-21.21,-6.7993,10.729,-0.078163,18.101,-0.088977,3.267,24.978,-12.866,0.45583,-6.5157,0.57095,-1.1293,-5.4449,4.1066,3.1867,-13.349,-35.64,-2.6994,5.4348,18.88,8.747,12.718,-18.892,1.5446,-29.876,-3.7107,-14.938,13.778,0.19446,33.894,-1.9907,-0.8748,1.567,3.2438,-5.1275,15.618,-7.0397,-21.056,0.62934,-31.631,17.959,39.943,-2.8105,9.1081,4.6535,-2.81,-12.123,9.9197,-16.326,1.5522,60.14,-26.766,5.4655,-0.030811,-22.672,2.433,2.3654,-47.743,27.185,-17.215,12.851,0.26889,13.94,59.453,2.7796,14.951,10.895,16.281,7.063,4.1457,-13.33,30.403,-5.7139,-36.066,-0.69679,-1.0264,-4.9822,9.9959,19.118,18.571,2.0099,15.974,1.4118,-23.096,-10.649,16.196,-1.3567,-1.9379,26.293,-3.4289,0.53553,-22.45,-20.038,-10.27,-5.3096,-10.915,4.2042,9.6178,-2.9127,-12.586,6.3807,38.503,6.1065,10.247,-19.448,22.75,53.287,-8.9914,-35.36,7.0663,-13.993,-18.721,11.19,1.9376,-0.83689,5.8103,-21.049,5.2868,-33.808,-7.9168,43.735,3.4335,7.0564,40.755,19.478,5.9413,-21.27,10.988,5.6604,1.915,-17.038,-17.425,-1.0705,16.722,47.291,2.0458,5.9283,-5.6284,-3.5539,-5.0604,-2.5316,0.3836,-1.9649,24.34,9.7797,4.1279,-0.53196,-32.573,17.266,-1.1379,77.374,-0.91678,-3.7528,4.4018,-10.105,-3.2709,16.226,42.09,-11.469,3.5027,4.3568,5.3563,9.1254,0.32621,-30.886,20.703,26.016,8.1541,2.9568,-41.851,25.247,13.993,-0.93291,-7.4657,-11.536,11.727,-4.5037,1.4349,-1.6846,6.5326,15.56,21.996,-14.847,-1.9443,14.091,-18.66,26.639,4.429,14.378,3.3377,-2.4308,6.6815,-7.2635,3.7716,-5.3557,3.8326,13.547,32.733,17.89,55.172,14.988,12.575,-17.788,3.6286,6.2946,-4.5536,14.836,15.005,4.0762,-4.0146,-17.969,-0.71011,10.356,-8.751,6.2629,-9.2974,43.756,-15.527,17.992,-20.525,-3.3244,40.769,-0.97698,2.9923,-3.3284,-8.1186,12.614,2.9608,-10.286,-28.28,24.981,2.9877,-26.908,-1.7616,-15.047,58.177,-32.433,13.298,4.6046,-4.9185,2.0907,-8.9723,9.4094,-6.0723,-13.518,5.0463,13.168,33.934,10.013,15.195,-12.51,33.429,48.47,58.417,5.0054,33.019,-3.2942,-7.1629,21.293,11.54,-15.781,22.876,-13.624,-7.6639,-5.0235,0.65028,9.2086,31.622,-17.745,3.3876,23.083,7.7859,1.1806,3.7385,11.673,26.146,27.522,-44.618,-3.1985,-13.663,-23.587,13.257,-16.859,0.74836,8.6244,-12.536,-1.2414,-4.4587,-29.807,0.65609,6.22,-4.5014,39.467,16.402,14.128,-3.6222,13.776,12.94,5.8699,-9.7993,0.60995,83.195,14.53,-12.065,-1.4602,-2.9198,13.183,-11.45,1.1819,-3.6534,21.156,-13.925,2.8293,3.7802,4.2257,17.877,1.8241,0.68145,-11.949,3.6962,5.3103,-19.054,21.244,4.7622,4.8066,27.143,8.1464,20.618,-11.74,16.388,7.2434,-0.46398,32.446,3.0773,6.2919,-10.931,5.6973,10.337,7.4013,34.485,22.066,23.944,34.654,-4.1082,37.763,24.528,-14.678,5.0339,6.7464,9.035,-7.1667,21.993,0.040258,7.8245,8.4107,-0.71402,12.799,7.8211,21.763,1.1116,47.651,18.959,6.3547,-7.2403,10.123,10.299,-14.598,-12.269,-7.7681,-29.695,-13.058,42.011,7.7449,3.4354,16.201,-10.028,16.049,-7.6485,6.0746,6.1858,-11.451,26.454,6.948,28.783,11.164,11.945,10.461,42.788,12.119,28.213,-0.92329,17.655,26.356,7.8428,20.258,0.27944,19.326,7.6897,64.183,17.485,-25.027,-7.8672,-0.58417,-17.1,6.6757,24.148,-3.9741,4.334,12.986,17.476,24.263,-5.1265,4.9904,17.917,-12.251,40.164,18.36,-14.26,-7.3407,9.6619,4.574,13.543,40.282,-2.211,4.5288,18.458,27.517,-21.328,-8.2449,39.219,15.92,-12.817,-24.555,12.123,33.593,5.2474,-2.3012,0.28252,3.8553,9.5155,4.1783,25.737,29.255,10.509,0.44466,21.129,-1.7939,11.25,12.761,53.374,6.0612,12.382,-24.814,-10.967,12.818,22.18,18.031,-0.13866,4.2135,28.333,1.3101,11.835,-1.9197,9.2343,13.2,19.462,-2.2317,-3.6406,6.4171,-1.7143,16.915,26.958,-6.9867,18.315,-5.3432,7.3616,24.434,-1.7558,4.2838,38.727,-16.086,31.718,40.023,-13.923,-14.735,-21.511,-9.8097,4.5794,23.143,2.5589,-24.727,-10.327,-1.9972,4.0877,4.488,6.2058,19.595,-17.313,-19.347,33.176,-3.2907,8.2525,-9.9426,3.8177,16.386,-9.6032,-12.68,32.253,-19.007,-3.6387,-27.382,63.572,14.729,8.3958,-14.14,-0.99077,6.2612,-8.5383,-4.197,13.363,0.58343,2.0719,-3.1176,-16.801,3.3113,21.116,-1.2094,9.0807,5.1685,-28.978,-11.913,-6.1751,-3.1027,-13.11,1.9712,-14.001,-0.21027,3.0135,-6.921,2.8287,11.052,4.8752,35.904,-29.136,28.56,-12.924,5.23,1.7303,-6.567,9.0738,17.271,52.947,-17.454,57.711,13.698,0.93291,12.205,21.736,2.163,16.723,2.611,4.6617,53.732,-11.807,9.8665,9.5929,2.102,5.0089,-10.547,-0.34007,7.0031,19.107,-10.798,-6.8484,-1.462,4.949,-2.4579,-32.835,4.4067,49.512,-7.7101,-7.9629,-4.8979,-8.0567,-16.939,56.167,-14.682,5.7765,46.799,-1.1427,14.883,32.661,-11.04,-13.239,12.585,1.3743,15.258,-16.283,-7.1491,-12.204,-17.803,-1.6869,-3.6157,-15.334,36.772,20.527,9.1219,0.017055,-26.26,10.932,3.0607,-13.32,0.28451,-5.5209,-10.261,4.1552,8.4731,8.2795,24.85,14.04,-15.821,4.9996,-20.316,0.037856,35.081,9.0441,-8.9973,3.6288,-7.1756,-12.782,-5.8757,11.055,-1.5879,3.7819,-13.897,3.8958,8.492,0.43303,0.072637,-6.1544,-12.263,3.0906,0.7992,16.979,6.2078,1.1357,3.3221,-4.5332,21.656,-7.5441,-19.572,23.658,0.18682,52.54,20.718,-1.6068,17.547,14.192,3.6046,-11.534,19.767,-52.64,-19.996,-1.2397,-6.2915,-8.4377,-2.8514,10.055,15.145,-14.13,8.1747,14.323,0.049221,17.652,-9.5042,0.58791,-0.97529,38.433,36.763,9.8436,-16.493,0.66488,-6.7078,14.343,1.1224,19.196,-14.141,45.848,22.668,-11.117,5.6449,-10.754,18.36,2.4961,-0.24881,-5.8554,0.5539,9.3012,-1.4797,-11.576,23.364,-6.3612,3.3516,3.3044,0.22465,-8.7964,1.5634,-0.11774,-27.749,3.2952,30.333,-90.455,29.661,-5.3849,11.773,-18.917,-0.087903,-6.9428,-1.5838,7.9932,12.441,14.703,-31.327,2.415,-18.113,27.949,40.766,1.9786,3.0334,-17.92,16.992,1.6728,16.384,37.936,44.756,2.9953,25.78,76.836,22.066,-19.177,7.3835,15.521,10.798,20.534,-6.1865,-7.2539,-7.5361,22.608,11.332,-7.2916,3.6179,-3.9015,18.813,-36.032,56.549,59.976,-16.873,-15.35,-1.8376,3.5757,-13.216,12.405,-8.6434,89.8,7.0601,17.87,-9.4281,9.5789,63.314,28.032,0.81337,1.9244,-45.906,4.2533,-24.263,-13.592,-10.82,-23.721,106.63,-22.906,7.2365,-2.9552,-5.7674,11.512,8.5703,7.0713,-34.665,-5.3041,16.459,-35.36,-33.068,19.81,-22.372,28.681,1.1427,66.723,9.7298,-5.6928,-39.946,6.0814,-32.444,45.887,47.95,-22.983,49.178,-12.453,2.0389,-4.338,-7.7495,-8.8832,-1.8182,17.637,-19.64,-0.81508,46.086,-4.118,32.854,-20.658,-10.426,28.968,-11.049,9.0878,-29.689,14.24,-34.13,11.839,-39.489,-8.0799,40.323,74.008,-4.3509,-13.228,10.929,-4.2301,-0.68365,16.961,-1.9975,-28.473,20.778,-16.216,20.849,22.963,12.366,12.7,15.437,-18.315,14.171,14.637,-11.387,18.795,-46.523,-12.136,-1.3164,-9.0265,16.044,32.774,24.494,-34.657,-11.492,25.642,-15.066,-6.52,-0.096947,-5.8917,10.494,27.824,-2.4185,18.882,-18.889,33.924,6.4672,33.865,-15.983,15.625,-8.4999,7.3856,-38.991,10.025,12.993,30.108,16.71,13.574,12.939,36.563,37.263,6.4249,-21.748,5.0615,26.486,-4.0005,0.30487,-13.899,-21.137,-4.857,-4.7368,23.297,45.879,-32.683,29.201,6.3277,-26.016,20.613,35.224,-14.728,-18.059,9.632,20.645,4.8357,13.578,3.6026,8.5312,37.043,25.288,18.012,-43.404,22.418,6.5165,18.94,13.201,-39.925,12.993,29.656,-16.04,-32.525,-0.18145,12.598,3.7934,100.77,-19.108,-0.2091,-25.546,3.0507,8.692,1.0993,6.7256,10.105,-5.597,7.105,-23.761,7.7794,39.053,52.799,-15.331,50.728,1.8725,-4.9807,4.7531,-17.248,-2.8917,-11.257,-11.831,-29.166,24.485,0.17129,9.2035,10.513,17.615,4.3067,35.566,-3.3245,4.0249,-17.487,-8.4089,10.986,-9.7178,15.339,22.35,-30.391,28.777,4.5735,52.514,-15.324,-22.923,16.878,8.1693,16.244,-15.916,5.165,5.0819,5.0815,6.4078,-4.6193,-7.5316,15.946,-8.7603,18.236,7.4396,2.0519,15.28,-4.8206,-4.6154,17.107,-23.791,27.627,-15.74,1.1381,26.558,-13.079,-9.2642,33.936,20.879,-5.7923,11.093,0.27273,-10.058,-12.511,-2.6425,6.4862,-8.0217,19.087,-0.3796,-0.82728,18.32,-7.2504,14.684,3.6406,9.5791,-3.8703,-7.4571,-6.5149,10.704,1.7617,-5.7153,26.6,-13.978,0.53998,-13.329,41.301,-40.184,24.91,16.713,22.737,19.795,0.097567,20.665,-1.7946,5.1727,3.8783,-0.29015,4.1695,6.4023,18.762,30.907,44.741,15.122,1.7385,-5.8863,-2.067,43.064,10.673,22.844,10.061,7.9043,26.753,-5.235,-3.1705,-6.4283,6.9738,12.456,2.6929,-22.307,9.1347,14.858,3.1755,28.633,-5.6523,3.1592,-24.474,3.9922,-21.62,-8.1396,13.322,6.1611,-14.193,-14.69,-8.6211,-14.679,7.6138,-40.353,4.2805,-16.154,4.0009,7.4784,-18.673,-68.569,-18.375,-6.6395,-4.3268,-1.1166,17.102,1.8127,-14.373,4.941,-10.422,4.792,-9.5449,-13.76,-5.758,-0.35522,5.6865,9.3078,-7.3822,-16.694,11.884,39.442,-10.744,-5.8523,-8.1533,5.4475,15.035,-22.263,2.158,-13.104,-15.608,11.408,26.366,-1.6694,-6.6202,7.8885,14.773,10.522,17.599,10.994,-18.95,6.8249,-7.4803,6.8096,-12.476,2.391,6.8972,-8.3298,11.682,-9.5251,-86.595,9.8283,-43.366,9.541,33.908,14.813,-1.1742,-28.246,-10.391,-13.328,31.758,7.6578,29.031,-8.4515,-14.786,-10.235,5.0123,32.721,1.8511,-14.66,37.223,-14.151,5.9637,16.928,26.195,14.082,-2.2469,11.266,-10.915,31.355,39.897,24.025,39.772,8.0682,-5.0641,29.814,25.073,24.873,16.601,-9.4858,36.677,5.1332,-34.074,21.154,-19.994,-9.906,10.605,3.3807,-3.7704,1.8545,26.421,-2.1627,20.112,13.761,11.823,7.3654,-10.922,-19.693,20.009,-10.01,14.851,13.166,41.336,16.278,11.169,-9.2718,33.379,-2.0893,47.159,16.936,4.0904,32.236,11.832,5.166,29.259,-29.278,-10.98,8.0907,19.598,19.351,20.988,18.852,5.017,-0.10519,41.912,19.985,1.912,7.3702,16.294,-5.6948,-12.66,7.0201,42.867,26.044,-10.018,5.195,2.6619,-0.32187,8.059,18.474,14.736,13.962,14.615,-17.095,10.854,7.7438,39.137,7.4006,7.3232,30.113,-26.614,4.1115,1.2843,-11.547,29.11,11.537,7.6071,24.551,58.452,-5.5415,18.21,16.907,-20.23,30.038,-24.156,3.8531,-10.568,-6.0001,4.6555,9.9036,9.1733,7.0597,5.4848,-2.7715,6.7617,6.4683,9.8946,2.9906,4.4787,6.4091,12.598,18.724,-0.47638,-2.6436,-26.711,7.1527,-8.7008,-9.0259,19.444,24.563,9.5223,6.764,16.455,-4.4731,38.199,-9.2805,8.6037,17.855,21.999,8.227,-31.061,9.7191,17.503,7.5516,11.545,-0.98828,11.334,1.8836,3.9725,-3.2587,48.305,3.1184,0.268,-23.057,-10.707,-2.258,27.23,4.6624,-1.7251,-16.999,7.6004,-8.243,23.455,-2.6313,29.233,64.852,24.91,44.357,-0.53348,8.7552,3.2498,11.628,-3.328,18.23,-9.7998,8.3975,11.353,5.6238,-11.606,1.454,-21.76,-22.261,0.080081,-2.8305,-3.4339,18.589,27.354,-12.161,4.1548,-6.404,19.899,-17.732,3.4186,13.451,-9.1523,2.0702,-8.1958,27.2,13.937,2.0833,21.679,20.396,21.878,28.601,5.2462,22.019,25.658,-1.4258,2.3827,12.624,25.09,-12.104,18.634,19.647,5.1772,18.045,23.186,18.432,-22.924,19.762,3.4085,-2.9954,-16.788,-16.472,-22.725,51.322,13.371,-0.011282,6.0184,31.737,-13.2,4.3119,-11.043,-7.963,12.239,1.3594,59.989,12.488,19.374,-7.737,-10.733,2.1442,0.23418,-2.6323,-9.8074,-25.073,24.744,1.1897,-19.069,16.828,21.96,19.284,7.138,1.7881,-4.5274,23.735,-14.047,-2.8555,8.6505,2.2463,4.7769,14.959,-1.1022,12.47,-3.7891,-14.077,20.66,27.331,10.423,3.1928,28.855,13.048,12.427,5.1141,-9.9103,1.4063,2.1077,13.406,-23.786,7.4596,32.886,-16.847,-2.1465,-9.1898,-1.0356,-7.7529,-8.3281,-19.487,32.437,-7.1797,3.5532,-44.638,-3.596,17.245,-26.003,-35.17,14.647,-1.889,-0.13659,16.006,-4.88,-5.1374,-2.8678,5.2935,30.797,-18.771,17.573,19.618,-6.6246,22.391,-10.777,-0.093818,-32.283,36.222,1.2862,8.1492,-36.572,4.2107,-33.556,7.9216,10.589,-10.885,-16.132,-24.526,-7.5637,-18.165,-11.24,53.044,1.8376,1.6651,11.201,-1.1887,21.968,0.32782,-3.2573,13.393,13.101,0.7959,6.5823,3.2984,-10.915,8.3785,-9.9359,-12.842,1.7689,8.7437,-1.037,33.107,-3.0529,1.4557,4.9236,16.813,-18.534,14.702,7.439,-2.9384,-0.69601,-12.95,15.701,1.7275,-17.972,19.082,12.708,-7.204,18.238,19.29,-4.1328,15.811,-15.771,-37.345,2.732,4.8839,0.72033,-11.508,-7.4032,-6.9868,17.073,9.9473,16.705,-0.68985,22.032,19.263,-14.101,3.666,13.792,-0.90435,-4.0277,1.7099,19.507,4.2824,9.3093,22.707,-4.5679,-27.217,-28.138,-4.3375,2.6143,-13.172,1.7029,9.5913,8.4911,-20.158,-11.129,-4.9896,29.368,-4.022,39.402,18.506,-19.024,-8.8768,7.5165,2.408,1.4042,14.645,16.624,-3.657,-6.8383,-2.7268,27.957,-22.455,-12.922,-6.3389,21.222,0.38284,0.649,7.9828,19.857,-11.631,0.91895,18.109,-9.2725,8.5842,6.5676,-3.2666,-13.324,2.0444,-11.672,4.0621,-5.3118,11.375,15.503,-32.842,4.4238,8.4515,27.1,23.624,-23.674,17.119,4.1255,0.63278,2.4549,10.701,-26.723,-7.3832,23.871,7.4968,-13.378,-35.883,-0.84281,2.1827,5.0299,-4.4171,-11.643,70.223,-23.327,-5.4207,20.116,-5.5813,-13.308,-18.029,10.087,6.2724,42.491,-9.9745,-8.6768,18.242,19.343,-0.63938,-52.572,18.169,48.392,-4.165,0.54353,2.9889,-1.7719,-14.125,8.2221,2.3062,7.2444,2.0877,-11.079,-9.0144,-13.588,29.194,-6.5091,0.31266,-8.1753,-5.6528,-10.208,-10.681,41.247,4.1691,25.353,-3.9585,21.171,11.006,-1.8572,-10.781,5.2287,50.211,-144.4,-4.6105,-17.328,-7.2857,2.1364,20.661,4.6562,3.1713,-0.95089,-13.518,25.04,-5.7376,14.153,-6.1969,4.5737,-8.4439,-3.0615,9.528,-10.225,1.0178,4.5039,-17.454,9.9242,26.224,3.6672,22.908,14.345,23.876,-4.4975,13.531,-7.1613,4.784,9.3445,-4.8804,-3.572,20.983,-1.0398,0.98833,-4.6187,-2.8818,13.397,9.7765,16.61,2.923,-74.521,5.6609,-10.315,17.281,-8.6755,1.3897,23.871,14.55,-3.4178,-0.88691,37.955,1.5013,-2.31,-14.044,-28.535,3.2183,-3.4233,25.24,4.8441,-1.2079,16.999,-7.2867,11.033,23.042,-81.441,3.8184,12.273,-9.7579,23.258,-3.8804,-55.966,-9.2785,5.8135,7.0419,-5.2919,28.694,5.0956,12.354,26.695,4.3332,18.788,-3.9155,48.276,21.167,34.231,-34.938,-19.452,13.816,10.576,25.205,-24.726,-3.1182,6.7005,27.138,8.9587,-5.0808,28.609,-4.1538,-2.0971,2.5807,-73.138,-6.6077,12.075,5.2001,25.275,-1.6677,9.9528,8.2888,-8.6812,13.815,-3.7567,37.161,-10.257,22.103,36.252,-1.2771,19.712,22.721,-14.399,18.989,-13.337,2.3799,4.8406,23.144,14.494,-3.4291,-26.156,-12.612,-5.9177,20.147,-14.614,20.918,-4.0462,42.514,9.9584,2.0839,16.771,5.943,21.79,-0.54756,32.385,-80.639,5.2695,5.987,0.2794,-0.73971,5.9398,8.1582,30.754,7.2015,2.4384,1.4809,-1.2379,29.025,21.93,5.9468,-27.714,6.2111,3.3681,15.359,4.4966,10.101,-0.26586,-0.19884,7.8446,30.08,29.32,29.387,4.6959,23.253,-9.8038,-4.1661,29.844,-6.3458,37.689,1.5936,3.0947,10.248,-13.024,31.669,32.074,24.45,7.5162,-6.9604,-2.3212,-4.5839,-11.632,-18.643,15.592,32.183,3.4103,9.1253,7.4855,64.665,2.1655,-9.9324,2.2186,58.939,12.656,-9.0382,62.093,6.5004,6.1143,13.756,8.8846,12.106,23.519,5.7011,25.182,-16.188,-0.28071,-20.143,-0.24509,12.585,14.945,9.4905,5.6417,19.683,29.672,-12.245,-8.5587,-0.97431,15.123,-17.463,-14.263,6.8258,8.3848,45.575,-6.6137,-9.6581,-14.079,21.479,-28.1,6.0553,18.075,9.2006,-15.973,37.98,-4.2632,22.527,-18.787,3.9843,-1.2433,2.7713,13.764,3.4042,-2.9112,18.453,-7.9377,-1.6144,11.903,-0.23233,-0.39373,7.4837,7.1369,-23.031,-3.7032,1.8922,0.92497,27.89,26.855,42.9,3.1743,17.406,-21.792,-14.023,39.028,-10.543,0.28515,20.558,27.271,1.6547,-10.193,7.8202,7.4202,-5.4246,-25.331,7.8651,3.3519,-6.1639,-18.113,8.1425,6.7721,-24.076,6.8409,7.4398,20.688,-23.296,-8.7633,0.86947,-0.53953,-6.0195,-0.086425,17.98,17.418,-0.0040497,25.009,-2.6342,-11.426,10.074,10.472,-20.633,-19.353,-0.47346,-8.2938,37.128,-25.421,0.75168,33.983,-0.71102,21.289,2.4502,23.104,53.92,11.74,2.6449,-7.5124,25.718,-2.874,-3.0988,4.7194,23.199,-2.0295,1.9756,6.0592,-16.116,15.564,4.3897,7.0077,5.0475,1.2661,15.459,33.353,1.3487,16.922,-5.0319,15.284,20.112,-14.775,6.6134,7.2449,2.0795,-1.7006,17.451,-13.905,15.882,37.095,-7.3637,18.462,5.7825,13.825,18.306,-5.8963,-0.2686,19.401,13.751,-20.839,-3.7163,-15.461,-16.39,29.112,6.5949,11.361,2.0625,-11.42,12.463,4.3339,-14.937,-7.5062,12.185,26.198,-1.4086,-3.8643,33.582,0.71091,30.1,-0.74107,30.418,44.459,-6.6377,-23.432,5.152,6.7459,-6.4539,10.686,21.117,-13.014,14.478,29.974,10.756,-9.7159,-16.631,-10.953,-1.3074,-13.505,12.238,1.9787,29.44,1.5794,-34.125,24.598,-2.9695,6.5593,8.2703,-42.561,-2.3321,-18.675,-0.21729,12.787,2.8203,-4.515,5.1808,-12.269,25.456,31.703,-1.7423,31.134,12.215,-19.357,20.087,14.998,-5.7218,13.06,-4.6683,10.026,10.015,-20.129,0.81075,-23.381,21.608,7.9614,15.189,-13.255,18.111,-4.3375,-10.209,5.5055,-14.867,-5.4297,-6.9971,20.839,10.772,4.8207,20.923,24.44,1.8475,36.132,0.4229,34.925,7.088,31.746,-7.2474,4.2799,16.807,19.589,25.053,-4.1652,58.018,28.445,18.004,7.7161,3.664,4.8493,-3.1912,16.211,3.5576,-0.060946,13.879,3.6874,-16.059,-0.54943,-3.3976,4.1358,21.396,5.703,-10.786,24.027,15.609,0.57838,14.508,21.803,5.3202,3.3459,3.4714,10.335,41.011,18.374,-0.44326,4.9141,59.313,79.354,12.726,-13.507,32.907,2.5467,5.695,33.795,22.223,14.927,3.5284,1.2941,18.835,34.707,-1.5755,5.666,-2.4197,11.344,25.47,11.046,-5.5194,18.262,10.963,1.1429,26.757,26.886,13.057,10.801,-0.068983,-1.1116,-2.6623,33.696,14.659,38.314,2.359,-4.4458,-21.222,6.328,10.287,31.189,2.6468,3.8686,19.104,1.2519,40.816,-9.1882,13.769,4.2924,-4.2678,14.858,-5.1893,8.1829,-11.487,-7.768,26.349,25.589,15.707,9.3807,-8.1439,18.625,-21.793,-5.9416,-22.21,9.2691,18.74,3.5282,21.582,5.3497,-7.5712,9.2621,-1.0628,9.809,29.641,10.095,3.1866,-8.654,-3.4332,-1.1245,-6.2345,5.269,-11.332,10.281,12.702,17.226,-13.451,1.9799,37.679,17.31,8.7706,39.526,-10.277,7.1495,22.256,48.443,3.6904,0.33581,0.97564,-0.26009,3.2262,2.118,3.4359,4.6956,-17.739,35.886,28.773,14.157,16.32,-18.881,12.136,3.7661,4.9075,26.974,1.2741,31.102,-12.963,9.0958,4.2459,34.885,9.4677,-7.5528,-22.406,-12.883,-0.57728,-1.5365,9.7537,-28.319,-1.7329,1.5314,0.80578,-37.339,28.797,60.906,5.5991,11.705,1.3037,19.479,13.607,15.11,-2.6736,8.1214,-9.7832,-9.4809,6.6866,11.347,8.7053,-7.0064,-10.918,-4.2289,-6.2912,8.2315,3.521,3.5115,12.204,-1.5509,8.1307,4.9438,1.3047,5.2268,12.417,29.891,-18.159,-20.809,20.988,7.4272,14.92,-32.042,42.318,6.8102,1.9393,8.3862,-2.8621,17.31,15.32,31.24,-8.5143,1.947,3.5403,2.0695,1.7924,-9.2155,-12.965,29.31,10.195,19.038,-20.235,15.655,2.1993,6.1764,6.085,50.651,28.899,11.488,-6.2349,25.928,6.402,-4.7622,4.7354,-5.3683,5.2799,-2.1591,3.8167,1.9506,15.04,15.918,2.9675,4.2648,17.885,10.226,1.4093,-5.9164,-4.5654,1.2472,17.839,-6.3779,-5.2488,-2.3531,-17.206,1.899,-8.4504,13.578,4.8371,7.148,12.137,42.793,8.6493,18.058,-12.876,-17.228,6.4357,7.883,2.4252,4.8564,17.124,-15.744,21.629,14.767,-1.4786,6.3474,-6.6515,1.4613,22.602,-8.0821,13.4,15.718,-10.395,5.9141,7.8068,-7.4737,12.692,-9.562,-5.9046,-1.5635,0.98579,5.9672,11.175,3.9646,6.3523,0.39165,30.445,0.10811,-1.1749,-6.4348,2.7531,2.5464,7.6293,-7.7267,1.124,0.63724,-2.8513,5.5693,0.53428,15.127,0.50933,-1.3346,-3.4347,-7.4472,5.6682,15.352,4.5535,-9.7265,-0.058602,1.385,-2.4182,-1.4717,1.1665,-9.3369,10.257,3.0171,17.648,-3.2871,0.5981,1.2585,3.5015,23.573,35.172,-3.0096,5.382,12.787,9.1295,-5.7597,17.704,22.861,3.9065,6.712,18.647,6.2787,20.372,3.6324,-1.6845,-17.212,23.349,15.083,1.3692,-0.99607,15.311,42.248,-3.809,25.169,-39.951,-13.606,-35.297,-0.10055,-4.8474,7.3526,7.0895,-7.6628,-8.0925,22.75,33.252,-2.3209,-1.3071,23.706,16.254,19.727,10.971,36.686,1.1245,20.045,-1.0578,-0.3745,13.715,4.0954,13.69,-16.447,-3.8515,17.045,-2.3664,2.0557,55.673,-4.715,21.106,1.7275,-4.1538,2.0307,-5.4453,7.8737,-4.4204,39.258,-5.0162,8.0517,3.7731,9.9081,3.7039,15.687,12.582,-1.7706,3.3629,18.392,1.9943,-11.929,20.43,2.6127,1.6893,-13.566,-2.1414,16.973,22.669,8.4987,-0.72384,6.0775,-4.544,13.679,-5.0893,9.5238,24.554,0.81895,-4.4607,9.91,8.6579,21.135,15.717,4.1948,31.2,-12.805,16.407,0.57415,-5.4976,7.825,11.409,10.924,2.0658,6.295,17.2,6.3896,-3.5549,11.785,15.896,-2.9618,16.574,3.081,18.55,17.25,-8.9317,12.386,-5.8323,2.1483,21.031,0.88236,-1.2772,4.9088,12.637,6.5989,-23.054,-2.1578,22.293,-4.203,24.685,3.0421,0.88063,5.2365,0.72708,1.7701,0.89224,31.283,-29.162,-13.423,-11.162,3.9866,-85.399,3.5663,-30.772,-1.858,-0.18205,-9.0448,20.891,1.9678,-11.813,8.2639,43.762,-21.718,-5.5211,14.407,-9.9323,-3.7811,-19.573,2.5779,4.3806,1.3808,10.76,24.163,4.9732,7.2762,0.65042,-6.272,17.099,-10.323,24.874,-4.4571,6.9045,-5.6132,7.1723,8.6975,-12.725,-18.401,14.849,31.324,6.1473,11.154,24.609,22.182,16.881,6.9765,-5.7748,-14.571,-16.385,89.319,-17.666,20.92,-2.7023,31.646,23.986,31.778,14.012,-3.0884,7.1995,-0.86365,16.101,5.8157,4.5765,12.972,-2.9977,-13.775,23.605,11.033,54.257,44.917,-3.0444,-0.012863,40.762,-2.4073,44.545,3.5131,-13.009,10.41,1.1955,-12.046,-3.7795,15.449,25.483,-17.964,-20.527,-5.0925,-9.5883,-8.032,-7.6064,-14.292,6.0889,19.054,1.6473,14.259,21.633,-24.5,-9.382,51.557,0.34999,6.9563,11.417,8.4494,22.828,-12.57,-9.9663,17.327,20.639,6.2529,-7.7372,-1.2794,-5.4797,-2.4549,44.012,-2.0159,13.639,24.727,-0.47413,7.8587,-1.467,-37.77,-1.8343,22.675,-10.014,-14.411,-9.9581,-13.895,-28.684,-8.0477,0.27429,-4.9018,10.472,11.779,8.6291,-16.89,17.896,26.34,27.212,-22.605,18.121,2.0905,13.975,-176.86,1.5624,31.142,-1.3,-5.7383,26.885,15.179,-8.3724,3.5655,-154.44,-4.4794,12.62,11.593,18.806,-25.927,3.7407,2.4138,-38.67,37.629,72.994,5.9373,-5.9957,1.9271,27.761,-0.60833,13.42,36.254,-4.327,-14.778,-13.364,-15.27,-4.0214,-7.6064,1.3548,3.5357,-15.421,13.876,-24.121,23.089,-7.576,28.806,22.685,-2.866,-9.0525,-11.453,-2.1727,15.951,-4.3798,-33.046,-19.452,3.8008,-0.56481,26.605,44.268,30.399,10.628,6.272,1.1595,0.031109,18.843,-15.758,9.168,17.093,-19.218,45.444,6.6401,83.535,5.8021,5.9824,7.738,-3.8778,-4.2758,13.156,1.7163,3.2385,17.299,5.7208,20.902,49.328,11.808,-4.9817,18.501,4.5332,-30.42,-12.376,18.168,2.5329,-28.649,9.7296,3.6909,-20.797,13.493,-3.4989,-1.7873,-30.844,40.42,-31.489,-16.007,-22.324,-0.19849,-24.072,22.231,19.057,-23.229,-33.92,36.968,12.103,-21.735,21.98,8.7404,3.755,-70.768,-17.106,-45.762,-14.481,-1.1862,0.28687,87.021,16.071,0.22707,158.17,24.141,21.537,-15.384,-3.017,15.724,36.988,97.808,-8.0339,-18.886,-36.187,117,22.077,-11.23,-8.4215,35.58,-134.8,0.56049,-6.1999,4.1209,-0.68208,32.455,18.368,-13.499,38.44,-21.204,9.2466,-6.5106,16.831,17.431,-2.8491,31.553,1.8752,21.024,-31.805,-50.644,-9.8818,-42.161,7.9208,6.7273,9.0253,-87.215,-27.685,-28.798,-0.060161,28.91,-4.3114,6.3488,-12.754,-5.7866,-10.705,-12.098,-25.366,9.7692,-9.7603,24.179,8.5529,-32.345,-18.936,-5.6782,-51.439,19.007,35.677,-10.521,0.22421,30.68,-46.026,5.2572,-4.3585,13.254,-13.623,2.1033,-30.713,17.486,-49.52,16.754,19.533,-8.9632,17.029,-1.4661,3.086,-10.816,40.426,1.8594,0.64297,-31.791,-16.146,-8.5184,90.909,1.4424,-15.339,8.7199,10.275,-76.684,-9.4094,13.086,103.21,2.7488,47.203,5.9686,6.0955,-4.3132,6.8113,-66.832,26.185,33.153,-23.3,14.589,-8.7099,24.608,-31.325,-33.251,10.847,7.1224,21.038,9.5585,31.272,-23.878,-25.059,-10.36,-42.702,13.22,10.775,7.2509,87.769,12.865,9.6649,3.0258,-39.787,-4.0086,18.603,17.595,3.4192,1.8206,34.456,-11.486,2.205,39.832,-23.089,-36.176,-14.814,-20.698,-4.5314,19.262,-56.409,155.39,-2.0491,-37.588,-3.2361,-3.959,27.245,-59.975,-6.6854,-49.759,-18.761,-20.053,-16.573,-3.4681,141.79,8.9412,-25.594,29.475,12.709,4.1457,14.845,-62.142,-20.378,-13.606,3.4125,-47.339,17.033,31.241,10.499,11.759,-45.052,-14.327,-24.553,21.634,8.4421,121.29,46.295,-7.0767,169.72,45.219,109.73,-32.242,28.438,44.781,-16.996,-25.475,-26.446,10.249,3.6848,9.9889,103.97,-8.2127,10.892,-16.408,22.11,21.665,14.344,-6.1506,15.855,22.726,-20.844,-12.967,-7.3268,3.3118,-11.193,20.099,12.713,11.839,-1.4958,5.2683,-2.5294,15.62,0.32645,6.3264,-2.8924,4.8426,-10.558,-1.6254,8.7957,-23.073,18.842,9.5012,48.007,2.3586,-12.575,6.4989,-3.0147,18.932,-6.2853,7.0291,-8.9298,14.32,7.2672,18.511,-6.4905,5.9267,10.356,20.032,102.48,33.637,16.949,-22.134,-7.8566,24.364,6.5133,4.9063,8.3548,23.351,1.758,-1.7298,-8.7578,0.28855,-5.3367,4.1711,-6.0952,-9.3876,-1.9689,-7.9865,10.985,13.843,-18.677,11.489,0.46887,2.0753,-1.7935,12.84,35.074,-19.759,0.41262,2.3489,8.5265,4.7933,-13.063,10.223,-17.842,5.1975,-29.45,-17.157,-7.5148,-13.141,-0.547,21.906,-2.9134,-0.16388,13.07,-5.7411,15.598,-15.606,5.9871,17.28,3.88,5.9827,-19.793,-8.1343,-10.818,23.244,19.75,5.4422,16.18,31.408,-0.62856,13.059,-13.941,-18.684,1.7152,-11.969,35.037,11.92,38.333,14.613,10.86,-6.3091,17.883,9.5946,1.3162,23.041,-10.935,-3.0915,-11.74,29.477,7.3107,60.95,14.83,21.421,1.1885,-8.2852,7.9319,11.153,-13.514,-1.6167,12.124,-13.959,-3.2107,-2.4825,-10.711,9.1199,4.1728,-1.3454,9.3356,-4.9682,26.629,11.395,0.2584,12.227,11,12.669,3.8546,9.2419,22.752,-9.2181,-14.221,8.1365,42.953,13.328,-8.3082,-10.378,22.403,16.464,6.6261,33.667,-8.8098,-14.948,-37.325,-5.991,-12.093,9.8457,-9.6698,-35.902,-20.28,4.334,2.3547,6.2589,5.203,-8.2481,12.041,4.6924,-24.586,16.368,9.08,21.513,6.9798,-6.3217,27.123,-8.2962,-6.7208,-14.18,-10.645,12.669,8.4619,20.786,-0.76775,1.0605,35.628,-5.1369,11.264,-9.525,20.259,28.024,-4.7963,6.4182,-25.947,3.619,-4.1488,6.8179,3.613,16.01,-4.6486,34.559,-13.077,-6.9192,2.1757,21.64,2.9211,-5.2405,8.9675,12.232,3.0715,-11.401,-2.4252,4.6795,24.413,-14.404,27.953,36.742,14.733,28.791,-5.4126,12.388,-18.647,6.6664,21.407,-0.046774,-9.3301,30.917,-1.767,26.796,14.879,-20.649,18.691,-2.471,-8.7686,17.019,4.1874,-34.845,4.9433,-7.1407,2.9371,0.52804,-16.204,-9.5364,-2.4466,2.8369,17.41,29.614,11.997,14.784,17.682,0.058533,18.669,19.069,-11.479,37.696,-7.7302,-11.105,13.369,8.2696,-21.022,17.23,-3.3681,70.158,-11.113,-9.8671,6.1758,-0.050018,-0.6439,11.57,14.637,3.4331,-3.4776,-1.429,-2.3078,-3.6595,13.933,16.227,19.808,63.504,7.9712,-8.8504,-14.05,3.8538,20.019,4.6342,-10.407,8.4182,10.681,14.046,5.5236,-6.6325,19.956,2.3833,2.1431,-11.452,-13.862,-8.1064,56.739,12.944,35.799,-1.7065,7.8575,28.572,-0.51463,-5.0602,-11.935,-12.787,14.302,18.394,4.1391,71.362,-10.413,11.661,15.526,12.544,-5.4935,17.548,10.442,2.9509,5.8015,12.82,20.983,-0.61677,-32.108,1.885,-30.364,36.438,-3.1545,-11.487,4.8166,-9.5931,-8.1997,36.33,21.787,-7.5842,29.421,29.535,10.514,0.20626,20.27,8.689,25.175,24.426,4.7826,2.692,17.093,-0.90614,66.356,-15.072,70.39,-4.8597,8.0332,5.1091,1.8562,-16.679,12.978,-9.9394,43.186,10.927,98.879,27.368,3.9904,1.801,-12.956,12.679,-20.783,-24.737,60.461,6.5822,12.667,4.9023,-9.3306,-22.224,-5.2904,13.72,-15.685,8.3953,-34.082,75.364,2.0025,9.9961,0.92525,-20.427,-8.702,5.507,-6.753,-17.724,14.639,-5.8711,-2.7004,-6.2006,65.756,41.615,13.431,15.679,1.1586,6.1458,9.8484,0.71867,-0.67633,-29.17,13.668,24.62,6.3656,-3.9496,0.46402,8.3298,-5.4808,-7.275,17.012,-15.861,8.4976,-1.5683,23.352,9.8886,21.528,5.7709,-4.8391,2.573,-4.2938,-6.4972,19.401,-24.143,-14.429,-17.457,-6.9502,-6.4433,-17.27,-4.1105,1.5635,-22.438,12.501,-6.5978,16.912,-11.031,-6.4119,-30.946,-3.0706,-4.7161,4.6164,-27.738,3.7659,-2.9402,-10.33,-9.7517,-7.7727,6.9285,-8.8072,3.8847,-7.4883,1.9495,43.884,26.174,-8.1096,60.317,-55.584,-11.941,3.1148,51.697,-7.8417,11.535,-2.0974,7.8237,7.5465,2.1716,14.54,9.4246,6.9736,12.799,-17.838,-1.1402,3.3841,21.52,26.447,7.6578,2.1755,24.419,10.623,-5.2021,6.3255,3.5998,27.111,-3.249,-1.2235,-7.4908,3.5817,1.0172,-8.7787,-11.508,-8.726,17.723,3.1102,4.7727,10.197,2.0811,-1.9409,41.393,7.9384,-10.921,-30.145,-2.6971,7.6734,5.5827,-8.5308,-8.4619,6.7661,21.572,-2.1142,2.8828,4.7618,-2.6654,1.4987,29.286,-2.0367,11.983,-22.308,24.721,-13.403,25.338,28.898,13.401,7.2508,3.7739,-4.1255,15.072,-1.5631,2.9024,31.88,9.1581,7.8313,-2.2466,2.022,12.661,12.649,11.991,-8.9305,23.737,-8.9865,-20.307,-2.8198,-11.842,5.8385,9.9903,-11.152,10.117,12.548,6.9563,-0.58823,-12.861,-25.351,14.97,6.1118,20.552,1.1982,11.007,4.5741,14.811,-0.31525,11.823,6.383,-16.424,26.374,19.448,19.472,6.3528,31.2,-35.144,-30.676,-9.3635,8.1132,2.2867,-0.9219,-0.9849,18.558,-18.62,20.067,7.1567,10.008,3.7778,24.109,1.132,18.865,-0.90931,-3.8021,21.811,-2.0537,-1.113,-3.3057,-2.8984,1.1449,-3.9121,5.1507,-15.773,-0.1977,-19.568,3.3479,7.2337,36.013,-11.118,-22.838,-11.409,26.555,5.9696,22.834,-11.272,26.912,0.23909,9.1073,28.181,21.563,64.824,96.816,14.314,0.16967,41.862,4.1073,16.546,-5.5482,3.0444,33.169,-4.7761,-20.578,15.152,4.797,13.719,5.09,-0.28556,11.658,-17.416,4.3331,8.8341,17.818,8.0596,7.7717,-10.033,-7.7099,-8.3987,15.706,-7.0767,-1.7612,-7.8035,4.4407,-7.7987,9.9879,5.1408,30.255,-31.471,-25.423,-1.0898,0.43419,21.445,13.993,13.698,-7.7471,1.4691,31.16,10.979,-7.4203,38.234,28.395,9.6726,-9.7069,3.2147,9.7721,24.327,12.554,8.8181,-21.873,-6.1406,0.13336,5.5164,-21.478,6.8522,-10.624,19.631,0.81352,24.259,2.1279,-2.3446,9.9472,-28.597,-9.2769,13.898,5.6216,-23.447,18.944,6.4019,3.1374,-5.9611,22.191,9.1367,1.0204,5.8802,-6.9179,19.721,-27.392,14.459,1.2492,36.204,2.0769,26.956,8.6394,-16.797,26.426,1.7046,15.967,29.034,-21.607,18.112,17.018,10.916,12.121,-31.436,18.124,17.512,-13.319,4.3366,15.203,6.1426,-5.3333,10.363,14.188,-51.494,15.205,-23.572,-4.8279,19.259,1.927,9.0613,19.18,19.191,3.5849,5.6894,28.275,4.8787,1.4443,-21.412,-27.307,37.003,-12.774,-11.695,49.386,-7.8128,18.547,2.0664,22.096,-1.1647,-1.6608,7.6689,10.904,8.7061,9.3177,6.1609,39.735,3.7603,12.849,10.459,6.6434,-0.3515,13.815,17.68,-15.413,-10.399,24.634,5.5573,2.4728,-1.8065,-11.925,32.791,-0.82633,0.27304,9.0453,-23.167,34.842,29.047,-5.635,7.5663,7.359,17.901,10.295,29.712,26.409,9.61,-1.0584,-21.258,25.026,23.081,-17.652,-7.3263,-22.054,37.233,7.5176,20.28,1.1346,-14.649,-3.6937,19.304,21.701,-10.382,44.061,6.2702,-7.8656,6.4659,12.74,-18.135,13.595,-9.149,24.729,-24.84,19.85,6.4167,7.6688,6.1995,-5.1508,11.683,41.998,-41.052,18.278,14.481,-4.9935,2.4642,2.9923,27.201,-7.1366,10.633,-0.967,27.328,13.581,12.414,-2.7295,4.6802,23.439,25.714,-10.108,-15.994,18.282,4.8548,-3.6519,3.7275,22.688,34.148,-13.786,0.32775,8.4168,-11.054,-6.7809,33.39,46.031,48.409,-12.207,8.5489,38.092,-23.507,7.1049,1.7842,30.997,23.408,21.016,41.154,22.996,31.855,-17.168,-3.7141,-9.9049,18.997,18.584,2.9925,-8.7009,-8.1455,-10.304,-0.15871,10.869,29.724,4.3637,24.627,-11.693,-20.829,-4.8347,8.4437,47.613,-21.14,18.834,13.09,4.8119,16.284,12.636,42.309,8.9836,-7.2894,13.103,88.204,-2.6397,-1.054,-1.4808,7.3837,16.041,15.491,-19.659,25.016,3.5452,-0.99833,29.792,26.542,4.6423,-36.733,11.078,15.689,18.069,40.738,-18.618,23.941,1.4305,25.117,29.377,5.4776,13.193,9.0274,3.622,12.208,51.972,-5.0419,-21.212,7.4708,3.5343,20.8,17.555,-19.788,-9.6894,-2.6102,-9.6686,-23.395,-12.768,-11.848,-22.475,18.853,15.648,26.619,7.4494,8.1205,18.135,-32.478,-11.798,6.1846,9.3885,-14.259,0.87535,17.639,-8.3119,15.457,3.9592,13.887,-30.919,-5.5319,-3.9317,-2.0163,-13.717,12.709,28.157,27.025,19.324,16.656,15.186,-17.096,-30.288,1.5902,7.1607,-9.8215,-12.435,27.132,5.2382,23.69,20.427,5.5717,-15.282,19.35,-18.653,2.4086,-34.192,3.4139,20.599,51.878,0.16965,9.8099,37.208,-2.4292,15.497,-65.76,-7.1687,22.583,-6.6699,-8.6753,2.7125,18.772,-15.882,3.2538,24.234,13.781,27.97,-6.927,-17.224,8.5126,-15.719,-11.936,-58.876,22.831,0.82702,6.8712,1.0654,-18.106,26.592,-7.6101,-40.97,8.8653,38.984,0.4905,26.772,29.398,33.642,51.107,-18.409,2.5548,13.466,8.3184,31.47,1.97,-3.7913,-62.026,14.046,14.93,-13.901,6.059,28.466,5.0751,39.539,22.757,30.201,5.7558,-18.504,-13.823,27.251,14.676,-39.655,-12.043,-10.649,-24.333,9.9256,21.349,-43.847,3.833,41.239,42.948,27.426,-4.8961,-9.8304,-8.1184,12.911,-39.659,-18.185,-27.467,11.383,20.686,-1.6612,22.465,17.508,29.721,-51.989,1.6914,-0.33504,-17.202,-6.9895,21.548,8.8327,-13.978,-22.414,-11.876,10.253,17.921,19.507,-9.5309,-4.675,-13.582,5.1143,-12.014,-10.096,13.616,16.127,-21.039,-12.086,-8.3144,9.4287,-11.219,-30.902,44.631,-2.5358,-5.6208,23.562,13.621,2.0855,52.126,-17.597,-30.217,25.163,0.069082,-15.846,3.4012,23.484,-6.12,13.747,12.865,-5.2979,8.6451,-48.404,4.8792,-8.9686,-13.774,7.7634,-4.661,-25.76,-61.956,-18.813,15.914,33.323,-3.3887,8.9443,27.622,-19.267,-17.451,26.291,-26.711,48.867,-21.39,10.325,20.008,1.7124,-0.51286,20.467,7.4354,-18.572,7.7472,5.0722,-7.9657,7.1828,-25.929,-28.275,-71.789,-4.7909,71.439,5.9651,8.651,20.585,-21.044,-2.1641,-3.0341,-28.732,-3.0819,-20.678,37.489,5.3681,0.042641,-0.40831,-10.025,-7.8101,3.0782,-0.71543,10.341,7.2284,41.777,9.6016,8.144,32.919,7.8301,-12.441,7.2379,9.7533,11.619,-20.014,-16.929,-69.354,35.831,31.729,1.2919,36.556,-10.305,-27.227,-11.786,-40.104,49.618,-4.0429,4.5633,34.884,32.755,-15.813,-23.294,9.3541,70.18,0.33113,15.767,24.76,-3.8722,23.375,-4.6285,1.8049,-7.8781,0.13399,18.845,42.282,25.811,-1.0487,-4.8109,8.7824,13.679,-0.40183,20.374,42.036,16.687,-11.408,17.885,3.0209,6.3752,2.6048,-4.3872,33.035,3.2932,0.23802,2.3548,29.719,12.102,42.242,52.262,-3.0114,32.17,-1.5631,10.743,-7.8503,-0.39242,14.151,44.54,1.3248,-11.075,-6.3721,61.786,-7.9755,8.8069,31.465,7.8427,6.132,-1.7506,20.265,9.9813,3.1268,-19.124,0.24833,-5.9673,12.829,9.1921,-7.8878,21.565,46.455,-21.71,15.459,10.848,3.0746,-10.49,-12.668,5.715,2.5501,1.3534,-29.651,4.9388,4.5642,2.5594,17.173,23.841,-0.54812,-11.186,32.769,-6.1124,-13.162,14.101,-7.3036,-12.345,5.5495,21.642,23.169,-12.155,13.053,23.523,1.7548,-16.043,4.3317,-8.4725,5.4006,38.797,14.965,128.32,-6.7108,-33.272,-5.2399,1.2955,-33.783,17.425,6.4784,0.16766,15.204,-12.543,22.173,-3.1185,7.3882,-8.0016,1.239,-3.166,18.167,20.638,13.55,-12.872,7.8956,-11.89,12.667,9.8022,2.8341,4.9094,-31.455,-14.729,6.2135,1.9334,6.295,15.353,-10.329,26.409,10.081,36.643,84.445,12.247,5.7542,-9.987,4.3729,9.5521,-3.5452,-16.668,-10.554,0.26222,11.149,19.671,-1.029,-7.4401,12.742,4.3397,-0.74246,-6.0718,9.0945,38.938,8.9984,-3.5525,-6.2603,33.026,26.478,2.4429,10.269,33.853,10.232,15.9,-17.568,77.461,-20.065,-9.8924,-18.828,7.6935,-4.4276,12.547,50.486,-2.4771,10.061,28.499,5.6666,30.447,4.7128,89.368,-27.821,4.6091,32.188,3.4287,-8.8203,9.7283,-5.2839,-20.467,23.702,17.729,27.859,-12.63,12.572,85.579,41.583,14.188,23.187,3.0785,-6.6714,6.7919,-11.267,5.3117,-9.9956,-3.6093,-7.6667,-10.303,3.9754,9.701,5.7526,63.316,10.314,7.4376,-0.52554,-4.122,27.798,16.565,14.683,4.5097,-8.7398,-5.6011,7.4772,-2.7262,18.58,18.9,15.523,22.001,-9.6953,8.2256,-17.157,-9.753,12.688,10.314,-1.2154,10.616,120.26,-9.9655,7.7781,6.8595,13.101,-3.9886,19.095,31.236,-2.5002,24.973,36.053,-3.6964,-5.4325,-5.7473,11.45,7.5622,-0.24956,20.069,-2.5987,19.525,11.712,-4.074,4.082,6.6022,-6.0569,-9.2623,-4.2194,-56.273,10.643,-4.8737,32.491,-17.559,3.0328,-4.0479,5.8543,26.019,30.849,20.981,-3.2475,2.4415,7.2979,24.756,1.142,-12.505,-16.885,98.677,36.069,-8.533,-5.3084,54.079,1.3161,1.1839,5.4001,4.5175,-27.635,4.8501,-18.201,-3.9361,26.156,-3.9124,8.0735,-10.794,42.909,6.2458,6.9477,-8.1383,4.4586,3.8426,1.7062,9.6847,4.111,8.1402,25.523,13.986,1.1382,-0.53986,4.6491,50.158,31.928,-16.764,27.443,9.9342,8.0626,4.8048,7.7436,24.625,-8.1611,9.2608,-7.1509,13.781,23.841,19.968,-3.8484,-3.0135,32.99,3.1811,11.128,-9.4054,31.076,21.082,8.1536,9.8558,-11.091,20.588,-0.16754,-16.825,7.6642,-7.6934,40.044,69.695,2.1616,-17.978,14.844,6.9239,9.291,-14.141,14.473,0.27856,7.9997,40.285,0.53018,63.046,-2.5879,2.0657,0.65409,18.656,26.182,10.106,-28.104,15.806,8.2582,20.416,10.209,-0.4725,-13.544,12.639,14.244,-7.6957,11.277,-7.6225,-23.482,3.7805,4.6541,54.418,-20.877,36.955,60.444,1.4218,22.493,7.511,5.3274,3.5154,10.209,-5.6724,3.864,66.567,-9.2045,8.882,-0.21812,9.8812,-0.0099722,21.546,10.491,13.732,15.558,9.9201,2.4541,-23.086,52.369,-0.8928,0.91481,38.883,6.1788,-0.34706,-4.3524,10.76,27.353,10.613,2.6013,-22.916,15.933,22.479,-0.72332,4.4932,-20.213,12.43,33.447,17.316,-25.529,-16.816,0.67512,-8.9484,0.18768,39.185,1.7762,5.8641,10.544,-31.733,9.4245,2.0161,2.3625,27.709,-6.2273,-30.038,38.483,81.087,-11.913,-5.1076,43.627,-1.4168,11.338,21.993,25.87,22.796,-4.8405,44.028,48.884,-13.752,-3.7907,74.128,13.964,11.873,5.5436,16.38,1.0743,0.86794,-0.47755,11.874,-6.7151,0.79778,-9.1621,17.226,-7.5512,8.3621,13.164,20.643,5.7811,30.716,18.099,10.544,6.1444,-20.439,-4.0126,8.4698,-15.565,63.892,1.2197,20.78,-9.0928,-3.3861,-14.397,3.0451,26.777,1.4628,-5.4092,1.6044,24.825,13.69,-5.5342,3.3124,7.2557,11.354,22.885,-6.0258,20.229,-20.519,10.898,16.181,15.067,9.0424,2.0813,-65.08,13.838,22.097,6.2939,17.871,21.567,29.508,-10.042,-4.0301,5.2588,7.0116,18.742,6.1916,36.188,15.867,-3.2961,3.9347,1.5235,8.9373,25.54,-11.247,14.63,5.9307,55.474,7.8825,43.789,25.57,27.087,39.524,33.638,-8.7906,-13.807,24.545,-10.28,9.4959,9.0749,45.063,3.2993,1.1331,8.0209,9.083,18.888,-11.456,20.502,-31.966,37.75,10.322,40.36,1.964,20.164,33.824,-36.317,-2.302,-18.566,-30.052,0.064412,33.429,-33.856,28.577,-5.002,8.2224,6.2592,-6.3277,-23.327,-11.797,-4.2076,12.743,30.141,4.7289,16.534,8.4681,-17.825,16.013,17.932,11.058,0.53549,10.111,0.87705,1.1607,27.267,18.502,8.5075,-87.069,5.3412,16.48,12.379,21.861,-11.826,-0.72673,0.42042,44.854,11.122,7.8116,12.007,13.161,-8.0699,-13.989,11.026,24.41,-25.967,11.68,6.2538,9.3739,35.207,-23.875,20.43,12.763,4.7311,-0.52528,30.563,-6.6318,9.2079,18.82,18.758,-11.079,-123.03,2.2061,20.635,4.7949,15.536,-12.525,-1.9176,22.055,-18.744,8.7195,10.83,-22.402,6.2319,22.687,17.818,-62.834,18.418,8.2146,15.26,13.214,-1.2885,-9.5695,8.0218,-33.991,13.07,14.406,20.504,69.918,29.442,16.53,-9.5988,14.381,-13.403,9.4535,16.67,1.7458,19.54,-18.964,-23.729,34.29,-1.7929,34.229,28.217,-3.0024,15.118,-22.39,20.656,15,10.954,-7.5615,-0.22072,7.6267,0.38639,-4.4179,12.551,1.4619,0.082416,-7.1955,2.6357,0.66315,-4.998,15.638,-3.1801,-7.8767,21.856,-7.1452,14.94,10.578,17.509,4.4095,6.6654,-8.5028,-8.0931,11.969,46.068,-14.08,14.756,-10.536,10.506,8.0143,3.5968,-1.0115,25.653,28.195,15.567,5.9516,9.1649,8.3126,-15.374,4.0135,5.997,23.038,6.8948,-2.1847,6.401,17.082,7.2778,-4.9172,28.185,-1.1384,9.8565,-10.211,4.8642,-7.5617,-37.349,13.695,10.35,3.5154,26.704,6.0725,-30.632,-26.003,30.755,15.635,-3.7596,22.915,14.76,24.022,48.604,0.47674,-3.2228,23.664,-7.1723,25.518,27.853,-4.3456,-12.063,5.1483,-0.64297,33.543,26.45,28.169,9.843,-1.4644,0.29903,-2.5024,-29.531,1.578,43.394,9.9041,37.865,7.5162,-3.5488,11.932,7.6915,-5.6773,-5.5562,-3.5094,30.887,6.4099,-8.0038,-13.287,-9.9135,48.646,-7.7475,26.871,14.518,-23.933,47.88,-7.5187,3.5857,3.3196,-12.085,-9.0671,1.227,5.4891,-4.1659,9.3271,3.4601,-1.663,20.799,36.469,-6.1664,-2.1055,30.54,13.13,-54.422,-4.1578,3.0279,15.444,-10.036,-9.758,18.367,-0.46192,-21.059,30.454,5.3304,-4.7993,5.2488,20.145,13.675,24.798,-35.005,-0.42425,67.029,-12.923,-2.0616,-11.11,-12.015,14.168,0.63365,-29.144,-3.7892,-10.586,-5.4366,2.1331,6.3605,8.7999,12.293,-8.117,26.273,31.117,-25.299,1.4698,-20.662,4.9927,-5.5692,7.3815,-11.414,-5.5605,5.0199,11.422,-39.781,15.556,2.3742,-7.3968,16.964,-9.7591,16.477,13.486,3.8441,4.1803,18.429,-29.46,11.477,32.285,0.9804,7.953,7.3081,29.948,-8.3364,-13.574,-8.2287,43.509,17.772,22.681,15.619,-12.007,-2.2643,16.191,37.927,-10.61,9.3465,26.406,-3.4514,2.8662,-18.916,-11.113,-18.844,7.471,6.7689,9.5149,24.84,24.82,25.194,-3.7043,-5.4667,4.0309,-18.118,56.384,-32.708,7.4737,14.886,16.817,-24.07,3.9749,-10.796,25.385,-11.374,4.6282,-5.6421,6.1928,1.0016,-32.082,-0.86645,24.448,27.148,-19.338,-35.88,10.995,54.31,-34.179,-23.953,-5.8157,14.223,-6.8195,-3.5185,27.958,-6.0649,9.1256,67.434,0.91323,-8.9188,12.51,-16.713,-10.71,1.5556,16.097,-15.285,-16.442,21.043,48.369,-19.081,25.151,4.9431,-22.983,7.8928,32.898,21.277,-36.361,31.48,-6.9494,19.104,-4.5144,6.1906,7.2353,-56.606,12.482,3.0259,2.4399,-6.5411,-5.5865,-36.211,-12.984,-32.107,12.01,-0.77982,-5.14,77.151,5.4209,-3.3546,-28.64,-4.3353,16.144,-11.616,36.425,4.2136,-1.9333,40.768,-16.672,15.396,3.238,31.079,34.118,-7.5247,11.108,-14.917,-15.457,-8.3805,16.703,-36.261,13.729,0.31419,0.51328,46.939,-3.8234,12.194,-5.4902,67.16,23.404,-11.245,10.414,60.495,-2.5203,7.4515,9.7815,1.676,-12.46,13.555,-3.8964,15.977,-4.0394,-1.1563,-4.7216,0.93748,19.358,-7.9516,18.911,2.8659,4.9482,-0.87202,2.9161,3.2183,14.764,-17.621,41.544,24.748,-0.91042,-37.159,-33.488,-0.052355,143.29,-1.0248,88.222,23.069,10.479,-2.1727,-0.7466,159.91,23.002,-15.793,-32.23,-3.8,4.9953,-12.439,59.638,-0.67326,20.12,-2.7138,21.691,-15.373,-8.4232,-23.152,7.4093,-13.696,4.4701,-2.4045,-22.402,-17.505,-0.88118,5.8449,1.5864,-30.66,23.558,-24.542,5.1456,-89.928,-0.13643,-20.955,-12.597,31.652,-5.809,22.211,17.514,-4.8485,-24.199,-24.225,-11.894,-13.448,39.769,5.1706,-61.971,-1.3454,-20.906,-4.691,-36.497,31.068,41.069,6.4072,9.7507,-1.8315,-8.7448,-1.5855,-8.3595,4.071,-56.094,23.247,24.854,2.855,83.631,13.963,0.10501,-6.7614,21.905,0.82173,9.8227,-76.246,23.941,29.908,-35.661,-35.32,70.423,-23.055,22.806,-3.3281,-4.9252,3.9116,1.5192,8.2336,8.9359,8.6237,7.6689,-19.561,-2.9789,39.619,-27.193,-1.5667,5.4047,65.1,5.1017,-0.74403,37.379,8.0787,-20.855,7.5573,-32.204,7.2411,-5.4166,-1.5052,50.782,-16.355,21.003,-38.112,-9.9203,-8.9241,14.286,10.096,9.2159,-7.3578,6.329,11.393,-7.6584,15.422,9.3981,-2.2205,1.7754,0.24375,-5.6268,-4.3046,-0.4227,12.264,-35.614,4.2883,11.262,14.446,8.6227,13.393,3.6552,19.839,32.501,17.475,-8.9947,20.245,-15.072,4.8967,3.6507,6.9115,19.611,8.9333,9.4695,23.903,13.633,15.816,9.503,-87.102,15.929,-14.185,-48.364,6.9747,3.2077,11.531,4.8076,-18.565,4.1759,2.6275,32.165,14.662,12.204,8.7113,7.3896,4.9791,-4.5529,-16.944,-8.557,5.2658,4.9207,-1.8575,22.74,13.645,6.8726,13.145,23.851,-1.2114,-1.678,8.3411,0.57577,13.041,24.439,-1.1705,3.1782,9.2821,3.1864,12.209,12.623,1.2786,6.6659,7.6259,2.0187,6.0194,7.5745,4.0062,-4.795,10.227,17.75,6.9266,15.46,20.712,-2.4481,-28.064,6.3036,-5.9593,-6.2153,3.594,22.942,6.8809,-1.9541,9.7633,-0.95008,4.7467,1.5866,2.6029,5.9544,17.531,-6.851,13.59,20.161,27.196,10.322,6.1819,3.1902,8.4837,32.556,3.786,11.751,-15.383,4.7256,11.726,-1.596,6.5064,-4.7741,-12.56,9.7438,-31.42,14.502,2.4474,7.8946,6.2716,15.318,-11.195,-4.2098,9.6914,6.846,-11.965,42.479,4.4734,21.66,30.656,3.5679,7.11,9.429,-6.1192,8.3243,-1.1535,-17.345,4.5924,4.5095,-15.489,15.188,17.949,9.4789,12.601,2.1123,8.5183,8.5487,-9.6707,14.548,-0.2807,8.1387,-13.577,-4.6444,11.151,-1.694,28.298,-12.056,3.4054,3.7091,5.1314,16.914,7.501,6.8979,-0.64865,3.3473,-14.587,26.243,4.6002,-15.22,2.0223,-19.267,12.855,27.152,7.2873,-2.7553,1.483,2.4451,-2.9859,7.206,9.7372,2.0752,18.608,-6.8033,-2.0881,12.212,3.7847,-1.6474,-11.132,7.6329,-3.847,7.488,7.5495,-3.5424,-11.532,8.221,17.964,-5.7323,-28.574,2.2817,0.2816,30.57,19.187,50.726,-10.352,15.495,20.035,4.4923,2.9415,3.4103,7.4139,-3.7008,17.219,28.418,7.2319,16.218,-5.4885,11.216,22.168,15.367,-0.99944,28.275,-11.522,2.6458,41.257,25.066,3.2028,36.822,3.6531,15.442,12.089,-1.5263,0.65561,6.84,7.5018,17.722,13.036,11.175,5.5694,19.784,55.25,4.2403,13.399,10.829,5.9588,12.938,37.929,13.253,7.3596,9.2919,8.0075,8.467,-3.0307,13.24,20.995,39.777,0.81374,9.5725,8.7951,14.05,-0.057682,9.7574,4.9562,61.949,1.4188,-0.93306,4.5268,15.651,8.3913,-21.19,11.366,4.0803,-5.9507,12.704,4.7505,10.153,41.949,-6.1257,11.397,5.6813,5.7823,-16.166,-1.5071,22.58,3.9423,10.507,6.7671,47.573,-19.102,3.9689,5.6359,30.507,8.1097,6.3551,-5.3702,29.717,2.9691,2.2174,10.178,-1.2473,31.68,11.986,-4.1811,4.5841,-8.4365,18.199,6.1509,12.004,6.0771,15.204,3.9953,5.3497,14.219,0.44283,-1.7202,-4.7368,-9.65,4.9155,15.338,-7.3246,2.3381,0.71634,15.449,4.8094,24.552,6.279,14.862,15.098,2.9235,7.242,4.057,14.15,-10.601,14.839,12.138,-1.1436,5.4966,11.905,17.596,2.4497,-0.35274,-0.85557,25.95,-7.5412,8.3798,7.2615,14.57,-6.8901,11.328,-1.7448,8.7769,-3.3631,14.037,-3.2517,7.7466,0.83279,17.757,40.617,6.8547,25.481,-4.5402,9.2211,1.851,2.7856,12.514,6.207,4.0882,26.446,0.12094,-9.4732,6.9605,-9.4798,1.0974,11.434,36.729,-1.4345,2.8697,20.495,42.252,19.641,6.5118,7.1319,44.782,-10.629,15.247,13.488,-4.3751,12.618,11.064,-7.3329,20.273,22.127,-4.5978,13.512,6.1309,-6.0503,25.721,6.9993,-4.7804,15.101,8.6161,5.3012,0.92391,13.181,12.848,4.158,14.171,16.132,4.8035,12.636,-5.7717,5.6617,2.5344,8.3583,-2.3865,10.905,3.3205,54.698,13.734,9.4799,-11.755,2.6878,-11.111,1.8242,10.311,13.774,29.237,7.6096,3.8662,3.7279,26.591,12.243,15.15,8.7838,6.3345,11.555,20.09,10.905,36.563,-7.2722,3.2691,-3.7016,-3.3544,7.1066,-5.4347,16.341,11.677,11.624,5.8792,43.871,-2.4608,0.52744,1.2641,5.0162,7.6561,3.1403,15.325,-3.8781,-39.717,-4.1476,32.275,32.443,13.864,-2.3545,-75.439,11.28,-13.545,10.25,3.9194,-7.4796,2.2813,42.036,30.15,32.105,-9.7612,22.561,19.162,1.3061,3.8424,46.225,3.1509,12.023,-4.9887,2.193,9.5089,47.246,20.737,16.037,14.799,9.7717,22.744,13.568,-11.748,37.853,5.1599,-20.073,22.886,9.7523,-2.9597,10.125,25.983,1.8841,1.3981,18.105,-0.10372,20.113,-1.6628,3.1892,23.981,9.5979,13.589,25.512,9.3671,7.6433,10.351,-19.256,-2.9363,-6.7814,3.2329,14.137,33.783,9.777,-15.128,-13.65,21.37,-3.4353,-32.982,4.1582,-18.217,-30.193,-0.41278,-0.7999,-0.95998,-3.1959,-16.268,2.1947,-6.2617,-15.891,-6.531,9.6603,-17.152,-4.96,12.216,13.045,-27.893,-17.874,9.3087,13.98,-2.6382,11.033,17.458,22.752,3.2737,-15.274,-1.4772,50.196,37.524,-11.565,-8.8159,-11.257,9.3656,-3.361,-45.779,-10.475,34.244,-9.5525,13.474,-50.831,-21.461,-1.2829,3.2731,5.3603,66.625,-14.7,-6.2562,44.964,6.0961,-4.4612,14.672,21.937,-0.01379,-3.473,10.209,10.968,8.2938,8.684,-2.7373,-2.5682,8.5689,2.9248,-13.547,4.541,-51.034,9.0938,12.199,12.707,9.4874,19.244,2.0966,41.001,-3.5741,44.114,33.235,67.837,6.4262,-6.5121,8.8882,4.8711,-36.393,4.7979,-20.883,14.683,-5.1592,5.8379,-2.2255,-5.2893,5.0074,-5.7722,22.682,16.437,7.8943,18.105,2.764,9.9191,0.2908,6.228,-25.809,9.2861,-8.0153,-11.405,19.7,4.2755,-5.1843,24.078,-2.7175,27.444,44.585,30.062,-0.47119,5.0239,-17.153,2.4242,45.263,-28.172,20.849,1.5406,-1.8161,14.314,-0.16617,-15.783,9.3205,-20.435,-12.601,-22.675,-5.509,-9.4769,-30.629,21.498,7.3609,20.642,21.947,-21.751,29.387,-34.452,-7.0799,-23.574,-2.8357,16.798,-64.433,-2.6062,7.7576,20.635,33.395,3.6138,26.3,9.464,1.7385,5.7233,-9.0221,-14.111,28.405,18.409,-7.0479,0.95915,19.213,18.679,10.59,8.9318,-28.557,52.34,9.3317,8.7674,9.2029,14.57,9.8068,-15.663,9.3075,-10.662,10.017,-12.593,4.5245,-6.6504,-12.922,8.901,-4.5273,0.97658,1.6949,14.011,1.6672,-11.913,28.561,-6.9476,-1.0647,18.644,3.513,-11.96,-8.1195,9.4851,-6.4697,1.681,-2.3331,-4.0242,15.494,14.661,-1.0885,-3.3617,-15.163,-5.6926,23.314,11.916,-0.50563,-17.13,7.0852,-6.1864,21.171,10.025,-6.3216,-2.6816,11.257,-13.094,2.2118,-7.4275,3.0642,22.059,10.058,14.916,-9.0364,18.477,6.1725,-10.304,15.188,-9.273,-1.2628,10.495,4.0988,34.245,-2.1797,6.1913,-10.316,-11.784,-2.0149,-5.4505,11.757,7.5541,7.6792,0.40184,35.701,24.692,-7.9438,-0.87771,-0.29062,-2.6618,-0.38249,3.5824,8.8438,15.937,15.257,-7.3829,35.486,22.162,13.645,8.4215,-36.86,36.355,-12.433,4.6006,-3.7401,-3.0409,-5.5885,14.075,-7.0969,9.2631,14.409,5.9514,-7.0962,-5.581,18.959,2.6164,-33.732,-7.6015,9.3607,-4.9134,11.534,23.621,-5.1486,-23.692,0.12668,-1.2148,20.532,22.159,-18.472,-0.77531,11.817,5.7141,21.077,13.567,32.651,12.778,5.6186,2.5775,12.518,10.285,-7.6082,-2.8066,11.968,10.58,11.122,-23.745,1.4987,-5.7424,-6.5522,-7.611,-3.3868,-4.0815,-1.1732,-5.722,18.921,26.791,-8.0904,19.732,9.3586,2.6338,8.006,-18.124,-28.592,-5.257,-3.5316,-10.963,54.798,-0.32467,-0.63113,76.101,-5.3429,7.3116,5.5837,-5.6598,-6.9853,11.456,-2.1091,-12.191,13.796,-3.5408,-19.103,5.6817,32.68,-9.6585,-4.6674,-24.895,7.6221,3.9139,16.659,-9.6422,7.8953,10.114,6.5682,-6.6858,0.41977,32.791,-6.6789,3.5811,-4.5545,-5.7159,-13.617,-25.814,-8.3006,4.4393,12.516,-2.7348,7.5353,-15.932,0.5953,-15.049,35.893,3.8951,-24.785,-9.823,-19.211,28.559,-0.29855,3.8195,9.4147,-6.8968,0.21275,84.576,25.583,-3.7005,60.158,2.6245,13.539,7.1627,-0.095831,5.9157,3.0601,0.8938,7.004,9.0517,14.67,-4.2785,-2.0719,12.471,30.155,13.583,12.825,7.4706,7.1587,1.4505,32.575,0.73038,2.7458,-38.055,-2.9357,-1.5885,-3.6226,5.9686,-6.3907,12.352,-0.2291,-21.096,-18.416,-3.7289,20.973,-28.248,19.382,8.8097,11.921,-15.941,8.4503,9.342,1.3328,-19.962,-4.8967,28.477,3.6858,1.5825,22.7,2.2197,-0.45508,-31.911,-14.068,11.434,38.938,7.4514,-39.839,0.25217,11.762,10.635,14.575,-5.6697,-13.087,-44.904,-3.9733,8.0899,7.5794,-7.8193,14.971,24.216,19.873,32.233,-19.916,-2.6207,-4.0087,11.833,5.9782,-8.8686,6.1154,-28.002,21.844,9.9109,2.6804,30.28,19.449,23.426,-4.8908,-10.275,-7.2257,15.814,17.001,16.741,11.016,8.6721,2.3863,4.7619,-42.05,11.502,-12.54,6.3509,22.972,11.183,-23.248,-0.53857,3.3455,18.681,-3.2824,-0.5172,-0.43978,14.952,2.7291,27.638,-2.8426,0.82773,6.8929,5.9286,-9.3217,-1.0899,15.4,11.002,-1.2548,0.23293,3.3787,7.7228,-12.938,-9.5569,21.525,-24.002,-4.6764,1.6273,-4.4818,40.879,4.8675,9.2212,5.3064,21.176,-8.6491,1.205,0.57502,1.0499,-18.24,41.478,6.7058,6.526,-9.5544,0.26698,2.6036,9.3135,-46.194,-2.2764,-9.4987,2.4904,31.616,-17.153,-2.9685,-14.167,1.5924,-3.8249,-9.156,-26.46,32.042,9.1023,13.392,21.904,-8.4716,3.0732,-12.581,11.712,2.9189,-1.0959,7.3328,2.1588,4.3673,16.347,1.5767,10.197,-9.2179,13.86,-17.25,-25.468,7.8546,13.018,8.9989,10.243,-17.374,14.977,1.8013,-2.7822,-20.046,7.1752,-1.6896,19.276,8.7113,-8.3289,23.119,2.382,-3.7529,8.3996,9.5265,-16.708,22.753,1.6252,-7.6805,-2.7068,4.006,5.8268,10.086,58.777,19.17,0.89655,-26.468,7.1342,9.3876,-33.733,-6.2183,20.635,8.4106,7.3935,-7.0382,21.841,-12.156,31.514,16.801,14.453,-35.524,-19.59,0.51909,-33.42,-41.021,33.469,-35.352,-6.373,19.872,18.321,-3.2649,-23.653,4.1234,10.561,30.714,0.94972,15.504,19.831,-12.288,19.382,0.077992,22.726,18.102,5.054,-10.057,13.206,-6.1331,1.7824,7.0957,-10.429,11.411,-0.42082,-6.5573,6.2311,-176.16,9.041,50.947,-38.138,-1.6433,-7.0066,30.764,1.9453,-112.9,6.612,-6.6077,0.55109,-2.3018,19.908,13.728,22.514,-4.0968,0.38901,7.2576,-3.09,16.818,-1.6756,12.38,17.519,11.327,-2.8872,48.756,5.0054,-23.887,33.699,-21.203,26.875,8.2373,-7.2386,-11.911,22.94,7.0466,1.8224,10.377,6.4324,12.74,-3.4729,1.0609,6.0013,2.0214,21.911,-1.2942,-5.6845,5.7859,-3.9567,30.461,-10.333,22.419,-0.46043,-36.69,14.495,-35.848,0.64725,-2.7573,3.9438,19.072,-18.782,19.934,28.69,-8.6446,-27.39,-4.6104,24.225,0.27268,1.7453,49.196,9.5595,-11.561,43.967,12.041,-24.287,-53.482,-36.238,0.52758,6.2928,-69.553,19.493,4.8922,-31.952,-1.2141,-2.8783,4.7644,1.5043,7.8917,-1.9056,5.026,-35.981,-53.796,7.1584,9.6607,-11.669,-6.7341,10.054,6.0282,15.994,18.289,24.095,4.3115,0.44443,-3.9929,-1.1706,-9.9041,-14.57,17.983,-13.642,-2.546,8.5113,-2.1273,5.1808,-4.3674,4.8961,-39.722,-18.767,4.3191,6.9577,33.018,3.0408,-0.35476,14.353,-11.461,-39.516,24.042,12.987,-0.032445,5.2338,16.065,19.983,2.2295,-3.4774,-3.8109,2.1652,0.80719,-14.955,23.432,-8.6847,-5.1677,-0.32346,-7.5755,12.394,10.868,13.986,-12.108,24.678,-5.9946,18.272,30.996,-13.797,-167.52,0.45794,7.101,-11.081,7.222,-5.9825,-33.502,-9.8673,35.083,-1.8376,32.59,10.205,-8.97,-9.5828,28.447,-60.764,-9.0272,19.804,-1.4612,22.649,0.18972,-192.38,-31.761,11.826,11.955,-13.702,-198.69,-7.9501,7.6464,-5.9888,8.2615,4.2484,8.5209,4.0111,-22.973,-0.57532,13.451,25.178,0.96297,11.615,2.0292,-2.5727,-6.0593,-3.7014,8.5935,23.309,17.31,1.1512,8.1546,8.1455,30.632,11.481,28.357,8.9365,1.9808,24.458,13.828,33.876,4.5083,2.8526,3.5021,8.3279,-21.529,-26.791,-34.645,-29.286,7.9925,4.114,6.3997,0.56418,11.896,1.7056,36.794,7.9753,-6.3998,-24.481,32.067,7.7012,-9.3587,0.97564,0.48733,2.2301,7.5624,-2.7122,39.087,44.433,21.367,20.805,9.2085,31.431,-6.2777,18.364,36.403,16.467,-1.394,-3.852,15.223,18.068,0.89162,-6.3173,5.9571,4.6421,-2.218,13.26,-8.6178,5.4184,13.833,16.456,-6.7125,4.2844,-17.945,-5.5006,29.986,-10.933,3.8679,6.5375,-14.45,33.25,-2.2051,-13.108,24.006,10.45,11.811,-22.625,-2.1302,-20.324,17.364,1.2763,-22.551,6.9215,17.972,6.151,12.609,22.998,-16.539,5.5631,8.5484,-29.926,-25.589,-16.902,-13.248,3.1506,-3.0962,-30.914,-0.57952,18.703,7.0208,9.971,-0.4524,61.668,-5.4632,22.045,19.721,10.613,-42.688,12.735,0.26509,-13.178,6.8951,-15.952,41.169,-14.877,4.127,-5.8712,15.376,-3.9093,-1.0225,-9.474,11.978,-1.4183,-2.4846,-12.786,24.271,-6.5946,76.269,92.676,10.319,-19.939,6.2176,-15.24,-6.3805,35.033,7.9256,4.4859,4.1405,16.331,0.85932,-2.0365,-12.215,45.722,-16.676,-7.5968,4.8251,-38.689,11.896,-15.643,-1.3395,-3.6552,0.76722,-10.624,14.018,-3.8082,27.033,0.49146,6.5884,-11.263,14.518,9.3014,19.684,-16.481,12.292,29.377,49.688,-0.52466,11.092,9.385,24.146,-12.766,27.9,9.3986,-16.271,4.2963,6.5891,-14.928,5.7795,-44.452,14.894,-20.605,13.884,11.525,-27.192,-6.1164,-12.565,36.492,11.253,26.433,15.87,-16.795,-15.2,-3.3937,5.7834,11.011,11.182,10.741,4.9505,7.5605,-21.745,11.672,11.092,3.72,6.1397,-35.705,8.8068,12.983,14.437,11.337,17.544,-3.5565,-14.742,12.782,-8.5828,-1.3743,-44.098,1.1492,21.742,2.826,28.129,6.902,13.814,-3.5362,-2.0247,9.6459,29.514,-1.685,57.154,17.831,21.739,-2.3814,9.0986,-8.3672,4.4257,22.833,11.928,10.331,21.537,-5.7849,-9.8033,1.7256,1.9504,8.4095,-7.8884,17.25,7.975,5.0044,42.352,15.276,3.7773,24.146,15.978,10.595,13.245,10.915,3.5442,37.468,43.259,5.0583,22.536,-18.93,-18.85,22.032,15.297,4.9379,-17.391,-31.537,21.453,3.4468,16.236,-16.579,-3.8778,5.3068,7.9551,12.829,2.3758,33.742,14.27,8.8125,1.7952,31.962,47.413,32.709,-9.5373,8.5521,29.775,10.066,-17.732,3.1216,-2.9103,17.522,-1.1997,-26.015,50.602,4.7607,-1.8747,-16.331,19.392,-16.736,5.7291,21.624,-7.5994,20.167,7.5658,7.0698,-24.767,26.824,0.50852,-11.199,5.6805,14.279,1.3441,9.9152,4.7059,-10.632,14.051,23.068,15.324,6.6738,42.257,-12.296,-4.8062,9.7706,7.3277,0.1779,-1.8907,-4.9678,1.6292,-10.47,12.65,21.969,-1.3786,9.914,46.756,25.77,-5.2428,-1.2088,-0.91384,-7.1748,-8.1418,18.419,-17.165,14.345,3.7196,6.1882,3.4953,4.649,-8.6823,-7.8723,1.1068,7.5017,3.9131,-9.0662,-0.24112,-7.2613,-1.6443,4.8595,17.617,10.073,-7.6246,4.2354,-17.732,0.62382,13.993,10.049,16.48,-0.78164,7.0752,8.9437,-3.0153,24.546,-12.264,19.029,2.9837,53.402,-13.389,8.1444,3.9943,-5.8185,22.518,27.574,3.2895,44.469,17.218,-13.004,-13.884,-0.50961,-4.5025,14.714,10.565,-2.4989,-15.688,6.9065,20.095,11.884,20.917,29.687,16.029,-8.6431,0.23852,13.402,3.8947,36.774,-16.208,5.6939,51.641,-14.933,-4.9213,38.504,11.352,21.992,-2.92,-4.5107,57.02,5.3928,16.749,-2.5739,29.522,18.844,3.1584,3.3314,12.063,24.963,-1.7928,-6.3732,2.3306,20.611,1.3807,37.311,-12.135,-2.1537,-32.036,35.729,21.841,32.905,6.4084,60.482,40.1,-0.089156,-29.951,13.489,2.4967,5.3878,60.243,3.6007,19.492,-7.5069,41.011,-1.9484,6.6655,7.3357,4.7726,0.88427,-3.1027,2.6068,-2.3221,-6.3807,7.2134,-5.1594,-2.9926,17.608,52.127,0.1464,24.633,-12.931,32.124,-3.1557,38.065,26.218,24.791,8.1099,19.047,24.2,-10.911,1.3656,2.0915,13.322,8.1617,-2.1829,9.1324,4.8555,16.768,8.1953,32.403,85.902,20.392,20.149,3.6145,-4.2024,5.5115,-12.253,0.015693,3.6857,21.832,36.224,23.583,30.147,-2.9761,7.1021,26.252,2.5372,-14.717,7.5895,46.339,-21.59,2.3155,-15.559,-22.112,1.9886,-29.051,-47.05,139.61,-4.2671,-86.711,-9.4919,14.143,-11.294,13.592,-9.2429,34.648,11.723,-4.7991,11.246,40.731,-109.59,36.671,21.602,-11.566,16.856,13.711,-42.805,97.136,-125.22,-135.36,25.77,-1.5068,20.797,43.657,1.0943,-1.8701,-30.029,-6.8924,14.921,-3.7431,-15.399,89.988,5.6228,96.7,15.308,54.395,-2.5635,15.607,-29.362,-10.938,-122.99,27.934,-8.721,-9.6519,-13.393,72.741,-146.86,-3.9064,-1.2864,-8.2636,-24.481,-22.344,4.374,56.678,-1.3157,30.17,44.774,14.5,-11.136,6.1984,11.862,3.8712,-8.14,-18.778,10.876,-17.429,-17.734,16.601,10.705,4.8877,-10.099,-30.238,-27.214,103.21,18.694,-44.895,-8.3285,13.117,27.279,-10.986,-1.1514,13.879,46.132,-2.8018,-47.541,33.64,-84.973,33.375,11.881,-1.0972,-5.3141,3.5294,31.867,-17.552,-6.5631,-5.199,-6.1383,-3.1723,15.35,-72.785,50.721,-35.672,6.3966,-141.54,4.9129,-27.429,-48.419,10.751,15.653,-8.9453,-33.888,-4.7608,-12.053,71.115,-23.052,-8.0973,24.318,-10.633,58.914,-15.415,20.428,13.656,28.616,8.5565,9.9704,-7.5097,3.0891,25.495,-62.213,26.943,6.5376,-33.057,13.685,-51.681,-21.361,7.7113,45.433,9.9965,82.508,53.166,-14.336,-10.25,-27.49,15.994,-11.557,37.4,24.655,-23.063,28.948,-14.879,56.313,61.891,9.2019,-0.83742,0.17724,41.441,60.519,-20.643,-73.659,-5.6647,16.575,5.6351,-3.263,6.7145,25.477,1.7648,1.8036,-5.3696,-1.3324,7.7376,-5.6037,-181.29,33.172,1.3458,-6.6511,-9.2569,14.914,17.688,7.7489,-9.9528,-2.4966,8.306,-15.17,-8.6313,-6.2462,-45.184,-0.84804,85.154,-10.558,-31.935,-30.84,3.9327,7.9784,-130.83,51.336,-9.2092,-23.848,-115.31,33.937,19.009,2.9559,-12.051,-2.9971,-10.83,7.3162,21.334,34.273,-16.146,-151.66,8.3025,31.325,11.657,0.35836,-4.0777,7.8043,-31.203,25.618,1.6303,-23.882,-10.08,8.604,1.4563,38.902,18.496,10.793,-12.536,-13.815,-3.2637,-3.9508,-3.934,7.1306,40.488,2.6047,13.323,-6.1339,56.875,7.4799,1.0964,58.953,26.617,-9.5793,-4.2426,-0.094836,-24.375,2.4206,-15.096,15.216,32.699,22.245,8.0589,28.275,-5.4751,5.6951,0.95587,47.344,-3.0723,22.849,-6.0004,-7.0567,42.365,21.694,6.3532,6.8776,-10.675,-4.4439,-32.892,-2.9229,-0.71502,21.386,10.292,59.977,6.6682,-11.544,-4.523,0.95696,-19.223,4.3454,7.1755,3.3952,34.529,6.9404,0.33413,9.8904,17.871,32.126,14.127,12.041,4.4169,4.4436,12.953,3.0717,16.435,27.365,38.263,10.275,20.166,-5.7729,-7.5088,22.126,44.24,-3.9768,37.169,21.185,0.80888,15.713,1.6019,-6.6412,-25.005,19.808,8.6188,26.616,-14.574,4.5484,-13.742,-3.6408,3.4345,15.29,22.882,-8.2427,0.98474,3.3308,1.0532,-9.4004,-4.4598,42.004,11.084,19.224,3.6967,15.782,-6.7715,0.13773,-0.16702,-20.578,-7.3188,-1.0864,14.794,-2.4526,-2.5679,-2.6948,-16.743,9.6929,-3.4585,21.063,-4.8659,-15.419,18.256,-3.1555,6.8346,0.1115,-6.3531,-11.896,0.49924,15.434,-10.475,4.0063,-12.628,-2.3761,-20.724,3.7565,0.84853,3.3827,29.673,9.4283,18.278,4.5698,28.395,-5.3911,5.237,8.6892,38.312,1.0402,14.327,-1.2538,-8.398,-6.93,-2.9779,15.545,-0.37434,-3.3354,49.585,28.701,18.186,7.4702,27.918,13.912,22.506,-1.3464,-5.1241,-0.47281,7.4605,17.172,11.168,-0.76309,-12.219,10.308,6.0053,-3.9554,2.9914,48.26,-11.253,-2.0379,21.295,4.5238,11.946,-10.492,-3.3011,5.174,-18.95,-1.5576,19.889,7.2155,17.725,39.953,17.234,0.049724,-11.154,-18.08,51.969,16.806,31.506,50.428,12.83,-11.798,40.307,27.2,1.9477,-0.51885,-1.9601,42.426,-8.0318,29.27,10.419,-5.6817,-4.6233,-0.019538,7.1389,3.7834,-4.5722,5.006,-19.748,1.0669,24.367,44.177,20.475,-9.6048,-15.739,7.4411,-20.293,24.546,12.727,29.382,28.657,19.826,-4.0575,2.183,16.837,4.228,15.662,16.564,6.9524,-11.767,19.603,-3.4846,13.115,-6.077,5.5895,-23.049,5.7261,-6.3976,9.442,15.008,10.773,5.3475,-2.4217,-3.291,25.686,3.3614,-7.571,15.692,-3.2507,24.63,3.8713,-15.418,4.092,9.8077,4.1117,8.609,6.7604,9.4521,3.9597,9.0661,1.3006,5.6457,9.8163,-0.86946,13.012,19.649,-1.0711,34.501,11.239,17.776,-2.0164,-6.33,7.9142,-0.82303,16.035,16.206,9.7223,-37.395,17.895,-1.8277,12.629,34.391,6.985,9.9089,7.2081,8.7897,39.31,20.094,-29.257,-7.74,2.5651,5.4186,-37.133,0.92683,29.433,2.8172,3.0344,13.96,20.285,11.883,-20.75,17.948,-7.0277,-1.4848,-1.4637,20.013,5.0556,6.0139,2.9171,8.6063,-23.056,11.224,16.547,-3.5637,20.865,8.1077,24.707,2.4552,-11.867,-3.8078,-5.4105,30.498,13.751,11.687,-0.13837,12.232,18.181,37.141,20.695,11.273,5.7991,16.7,-3.673,-9.3489,31.685,8.7782,0.99059,5.281,19.466,6.6089,4.7717,25.975,5.3068,-6.9376,47.227,43.355,16.461,16.641,11.605,1.9625,9.0264,8.4574,0.54192,-12.539,-8.0982,3.6446,5.4344,5.5756,-5.0167,9.3581,-10.686,11.184,-1.1904,10.17,-4.6415,-3.5206,-4.1575,4.9669,6.2798,10.295,8.842,3.1335,16.362,10.034,-15.433,11.612,21.195,19.912,7.5583,4.6795,3.9575,2.5166,16.435,20.149,16.15,4.8657,3.6035,-17.067,1.3662,4.186,5.7673,20.271,-2.3372,-16.189,-27.053,-5.8668,2.3214,25.413,25.658,1.8789,3.598,-8.0724,41.589,0.21208,6.2683,23.981,14.554,2.1712,4.7276,17.231,6.6049,-2.154,-3.0881,18.719,9.8154,1.2401,8.3914,29.176,12.357,-5.3763,31.094,23.106,9.2168,34.361,24.117,-6.77,21.755,11.974,3.7991,-2.1111,-2.0256,3.1368,-5.904,-1.775,13.625,20.205,-7.2209,27.511,1.2759,5.9096,0.73701,5.6363,-3.4156,8.2263,14.469,-2.8762,11.893,-0.60226,-6.5333,-4.6009,4.8704,9.2531,23.757,0.036037,-5.7638,1.0742,35.449,-6.2152,-22.361,-15.047,6.0532,-10.821,98.756,10.732,64.701,16.387,13.955,6.2396,10.163,29.728,-3.4995,9.6012,-24.803,-4.8327,-8.7871,3.766,102.9,1.4592,-11.872,45.029,-6.71,-22.906,2.5481,9.9936,-1.8922,2.4614,-6.9941,-19.456,16.832,53.055,50.069,-2.8123,-2.3997,8.4773,3.1961,11.808,16.396,1.4141,-0.20789,-7.5511,19.181,-2.0215,-12.997,43.008,79.581,16.571,21.766,-6.4335,44.807,0.32704,81.292,-6.4433,5.6307,-23.211,-14.394,-10.825,-28.443,-23.175,81.679,-8.8786,3.9718,0.49022,-8.4523,0.47928,24.159,8.8948,58.241,-2.5176,28.036,71.622,-20.906,3.1451,-35.637,5.5843,-14.87,16.629,-7.0219,2.8362,-30.176,25.991,41.591,4.028,25.582,-5.1888,-9.9421,-0.48052,-15.36,20.924,-6.0311,14.451,-13.255,-6.4197,3.749,1.1316,-5.295,57.502,-9.5138,42.006,27.591,39.961,-1.7931,-7.4355,28.483,14.656,9.5778,50.837,1.0588,-13.504,55.527,-1.4087,21.219,-12.024,-14.847,24.192,68.86,-2.6188,41.878,2.7541,93.433,20.28,-15.128,23.476,68.349,65.696,-14.505,-14.563,57.131,75.874,-7.9017,-18.215,0.97067,10.817,27.456,-28.691,-10.374,4.2295,-17.295,-31.268,19.188,48.627,-8.6291,-26.236,-3.5399,64.751,-12.159,7.9266,13.176,13.153,-6.9749,17.697,64.834,-11.783,-4.9114,10.523,-20.87,-3.8479,-1.2742,-2.3178,8.5676,-92.628,4.1696,-15.973,-4.7996,-3.2491,-3.8899,-5.4953,-80.261,12.576,29.004,-36.633,69.316,15.057,-0.76377,-7.5936,11.08,-14.637,2.5042,58.976,8.0225,57.596,20.78,-8.4613,2.3187,43.9,-32.991,-23.727,0.97477,-39.514,-17.549,-54.848,8.6994,-18.117,-24.775,-17.647,-5.9994,6.6757,-14.176,-22.212,12.729,15.744,61.644,-55.648,-35.686,113.11,-24.537,-7.1985,8.0022,15.679,1.2077,103.97,-23.866,47.317,13.727,-19.784,-18.227,-16.996,-6.035,-19.568,-12.914,4.194,-21.253,28.27,20.293,-6.0096,45.739,51.379,-45.894,41.156,-1.0596,35.843,18.491,17.603,6.7456,12.757,16.085,-16.656,25.936,61.587,-3.2547,63.571,11.356,22.039,29.088,5.9796,-9.0143,4.3115,-28.821,16.889,31.877,0.6313,-9.1343,-2.1132,-1.0393,22.36,-0.68581,2.707,-6.7952,-3.3235,0.063837,12.514,-1.1882,7.6419,13.347,-0.72776,-31.133,26.83,0.7573,49.826,-3.4573,12.329,25.641,-31.113,-33.434,-6.9037,17.091,10.782,41.556,-11.354,-5.4127,4.1052,5.0761,10.352,-1.4264,4.8319,42.615,16.09,3.0833,0.026691,-6.881,35.804,6.2022,-18.082,8.2975,-5.8264,17.796,10.933,0.12135,11.51,-7.5006,7.8954,-1.7021,-6.8275,12.068,-6.8602,-16.285,19.387,-3.3101,3.3019,20.993,-3.9126,19.543,41.982,11.758,-4.8583,18.333,79.338,-28.188,-0.48877,-23.046,65.811,-11.108,-3.5514,-10.66,-19.666,-9.1677,-14.969,-7.117,9.8869,-3.6364,25.172,-9.2089,5.5817,-5.1378,7.6119,-2.1868,-4.5535,0.1585,10.188,24.216,-14.475,2.2788,16.195,9.2529,-24.573,-7.3209,-40.096,52.496,-1.415,14.952,-1.2027,1.5169,21.225,-1.6297,5.6309,11.219,4.1881,-3.7286,26.406,-10.235,42.51,-7.2656,-7.1045,20.848,0.05156,-5.4752,-3.2275,5.9147,-8.0081,-15.353,-17.388,-32.423,-1.2665,-0.95911,7.3124,-30.057,-12.233,29.117,-0.10059,10.632,9.1104,32.853,7.0593,13.318,-4.7921,-6.2716,-5.2466,-1.3444,21.036,1.1584,4.1995,-4.6949,5.2903,1.1211,3.4827,1.082,-9.4455,-12.123,-0.87058,3.4887,5.9999,-3.7484,0.089068,5.0483,16.775,-19.438,15.86,-44.153,-7.7411,9.0821,-6.9192,25.21,27.402,-6.3352,-22.854,11.025,-10.392,-4.0834,-33.538,-20.681,18.43,4.7826,11.324,-25.78,8.3541,-7.3947,8.2407,-15.275,-22.119,13.694,12.22,-17.178,-13.584,-3.8824,32.103,-4.607,0.90582,31.761,9.6104,-7.649,2.9923,19.423,18.071,26.768,29.913,7.9494,28.988,47.463,-5.8254,41.676,-11.898,29.306,26.938,-11.713,8.9409,5.6947,5.8975,-29.008,27.039,-2.5001,25.467,-22.286,23.357,4.0475,26.55,-0.89506,-1.4819,5.5461,-11.37,-73.232,-3.7688,-3.4063,-50.143,-5.2434,14.166,-57.528,-11.518,-6.5481,-4.8539,14.056,-10.47,16.318,-1.6185,-2.8559,-5.741,8.8364,-16.253,2.4135,37.087,-10.34,-3.711,9.2637,3.6037,15.173,1.4919,52.154,30.423,18.809,5.0423,-29.805,6.8154,15.748,14.008,32.831,-13.829,66.624,-22.264,52.718,-13.546,-12.876,14.101,33.394,5.7268,8.8261,11.475,-4.696,-24.856,-16.544,-6.1248,3.4521,-15.784,1.1907,21.121,3.4715,13.973,6.1128,7.3107,-3.5208,-1.3471,-50.558,62.338,43.098,15.895,26.215,-26.514,54.436,1.0026,-44.785,-6.8901,51.57,3.7171,39.34,-8.1404,-2.7845,-16.661,-1.5731,-6.5572,13.235,-45.527,-7.6173,-261.74,-6.9638,-27.189,6.2177,-22.617,-25.426,-14.954,0.032771,0.26757,-31.195,5.8386,-5.328,-4.0036,-11.309,-2.1566,6.5307,5.5417,-4.5003,-12.515,21.455,60.52,-0.21762,25.082,4.9685,-34.797,74.075,10.568,5.6013,30.732,-8.9113,10.77,19.411,-21.511,-7.5097,24.912,-18.428,12.737,-10.501,3.0757,27.018,4.0469,6.3009,11.675,-1.4089,-4.1442,1.3677,-4.235,22.956,2.2143,14.826,-3.1935,41.6,7.6317,11.697,-0.78783,15.649,3.8301,-17.114,-7.2594,7.5528,1.8559,-14.795,6.8741,3.0975,-29.146,-80.172,5.7044,10.601,-16.933,-14.348,-11.439,4.9489,2.4579,52.459,-6.5472,2.4463,13.893,-21.717,-2.8981,19.745,2.2022,7.9307,-32.047,4.3179,-1.7493,10.724,3.5702,8.7421,10.304,1.9438,9.8277,16.502,6.7237,0.24049,18.083,53.942,14.597,-25.063,-5.3563,18.384,-5.9316,-8.9843,-29.043,7.7986,24.652,8.2963,-16.696,18.514,-32.062,4.7,27.207,-68.828,-17.192,14.894,14.885,12.85,14.717,35.75,-281.44,14.088,5.2167,15.52,7.8686,39.991,-5.309,82.254,7.5961,14.718,-29.835,12.304,12.552,0.85539,-2.5542,-1.4847,-11.456,-35.33,-0.44403,6.7552,1.4565,2.3811,14.736,-30.451,7.0221,-9.3828,1.121,-9.133,13.475,3.2648,3.5845,-2.4293,-6.5569,7.6662,14.376,-18.349,-164.27,-0.020054,-13.175,21.888,-11.783,3.3726,18.675,8.2572,-26.384,-11.523,-10.469,7.3445,9.2847,3.1719,22.92,3.7936,58.047,15.458,-8.3067,16.484,6.3734,0.69011,-3.6034,-4.538,1.7162,-2.3698,-7.1159,-4.9921,15.931,4.2627,1.3848,10.103,-14.838,-18.821,3.7387,-1.3493,5.1504,-8.1834,4.1496,-3.5142,10.593,5.4152,-18.386,0.88437,-7.6008,-10.526,3.4993,33.696,1.0172,-13.923,-1.066,28.341,13.717,-5.2395,4.9902,5.594,-16.261,-20.603,4.9603,-11.276,-2.0158,-7.3587,6.4958,-8.2078,-45.683,-5.7882,7.6717,-146.95,8.5859,2.1669,5.5517,-7.7333,1.7249,-9.3782,-12.488,25.372,13.305,6.782,-47.959,-37.331,-13.269,-9.8073,23.142,3.4911,-4.9512,-10.312,1.4471,-8.7289,-12.912,34.189,11.891,-2.082,11.338,15.042,3.8512,5.1396,14.051,-1.0349,-8.8344,-9.5829,51.743,-7.1126,-24.597,-1.8833,0.33309,-9.8586,22.605,-5.0427,-8.8367,5.1859,-2.1414,-19.235,-23.632,-2.3849,0.78761,-1.2868,-11.443,-0.12464,-167.55,4.4402,16.3,-2.0797,8.2917,0.41555,-25.131,-11.393,-1.6632,-7.2014,18.764,-12.765,11.965,-25.866,1.0679,-12.355,10.036,-6.6017,-277.89,-22.419,-1.6605,33.306,-9.191,3.5686,47.529,-12.522,-2.7746,-0.42825,8.7129,21.129,7.9767,-1.2189,3.521,-34.895,12.919,2.7289,8.9079,-15.143,3.6113,-12.85,7.3838,-13.653,11.769,14.252,13.983,-212.46,-19.317,1.7503,14.069,-17.974,-3.6473,-7.6296,1.9418,4.3875,-1.336,-2.9406,-4.5503,13.878,6.1513,-14.943,5.7923,23.257,-22.391,4.7759,4.8819,-20.101,3.3489,-3.9497,0.055246,13.647,-0.52437,-8.8805,-1.6293,7.6428,-3.1981,16.847,2.0459,11.393,-160.15,-2.322,7.3752,-20.827,4.8119,42.181,20.047,-35.127,4.8996,-177.67,5.259,-0.030283,6.1481,15.319,-9.5337,1.4561,-1.8242,-2.4737,21.738,-8.4685,-1.6322,9.1257,-2.3564,-23.767,3.8874,-36.765,11.671,30.992,-4.7355,-6.1663,7.3867,-14.191,-5.4776,-36.832,-0.44754,7.7139,28.458,7.2551,0.68432,-1.3156,4.3115,0.59142,0.84603,-1.6241,-17.633,28.302,6.3944,-2.844,-24.292,-33.168,15.03,5.6322,10.385,-11.701,39.819,16.235,6.9204,6.4507,-16.537,-22.324,11.002,16.841,-18.944,-21.193,-11.059,-9.0033,46.673,-2.3906,3.2555,27.787,8.6899,24.675,-10.383,-1.818,-32.838,6.8762,3.6864,-9.3541,-29.328,-2.127,5.2265,-0.98766,-6.8572,3.2899,-6.5697,0.6394,65.949,-17.899,-3.9194,-0.89126,21.935,6.5723,22.396,8.6831,4.2513,9.0365,6.0502,-12.909,11.455,0.62314,3.8979,32.163,-14.303,-3.7341,-1.9177,-8.7229,-11.955,-1.046,-19.446,17.591,-3.7431,14.256,1.6744,10.164,-17.625,-21.303,13.925,-15.549,-23.411,-3.5453,-0.43734,-0.89564,-0.4268,-6.4671,14.887,3.8916,5.1571,1.9043,21.671,-4.4267,-23.958,-15.655,6.1156,23.583,41.272,52.997,-0.95404,3.973,19.468,23.556,1.7017,-1.0785,-10.786,-12.443,-19.129,15.515,15.779,22.447,5.9041,34.606,0.72657,15.326,-4.633,-15.26,-10.916,67.782,15.427,2.8252,-19.407,17.434,-0.089599,26.154,6.9332,-12.722,16.844,-32.039,1.9701,0.47844,9.7142,11.511,4.2205,13.168,23.36,-7.6568,6.6262,5.1446,5.8248,-22.737,-6.4931,2.4992,3.1076,2.6029,-18.937,22.603,-19.667,-12.68,32.622,-14.911,-2.2835,23.83,24.846,0.49043,9.4923,4.8168,12.237,22.054,9.7643,20.251,8.9812,18.232,-3.6608,34.746,29.597,-2.035,18.926,21.669,-0.78543,-10.554,-25.032,-3.1249,-21.287,-10.351,29.153,-6.604,-5.1866,-2.8706,37.078,-8.7839,-14.168,-8.879,34.652,-39.4,27.16,-14.781,-11.089,7.0644,-34.598,8.3553,7.4461,-98.539,-0.87615,1.3584,15.266,-5.1247,9.4007,17.796,-4.121,29.88,-14.805,29.005,-3.3128,-18.125,22.953,-10.615,-4.7157,1.832,29.843,10.167,33.944,2.8568,-19.098,-21.21,-6.7993,10.729,-0.078163,18.101,-0.088977,3.267,24.978,-12.866,0.45583,-6.5157,0.57095,-1.1293,-5.4449,4.1066,3.1867,-13.349,-35.64,-2.6994,5.4348,18.88,8.747,12.718,-18.892,1.5446,-29.876,-3.7107,-14.938,13.778,0.19446,33.894,-1.9907,-0.8748,1.567,3.2438,-5.1275,15.618,-7.0397,-21.056,0.62934,-31.631,17.959,39.943,-2.8105,9.1081,4.6535,-2.81,-12.123,9.9197,-16.326,1.5522,60.14,-26.766,5.4655,-0.030811,-22.672,2.433,2.3654,-47.743,27.185,-17.215,12.851,0.26889,13.94,59.453,2.7796,14.951,10.895,16.281,7.063,4.1457,-13.33,30.403,-5.7139,-36.066,-0.69679,-1.0264,-4.9822,9.9959,19.118,18.571,2.0099,15.974,1.4118,-23.096,-10.649,16.196,-1.3567,-1.9379,26.293,-3.4289,0.53553,-22.45,-20.038,-10.27,-5.3096,-10.915,4.2042,9.6178,-2.9127,-12.586,6.3807,38.503,6.1065,10.247,-19.448,22.75,53.287,-8.9914,-35.36,7.0663,-13.993,-18.721,11.19,1.9376,-0.83689,5.8103,-21.049,5.2868,-33.808,-7.9168,43.735,3.4335,7.0564,40.755,19.478,5.9413,-21.27,10.988,5.6604,1.915,-17.038,-17.425,-1.0705,16.722,47.291,2.0458,5.9283,-5.6284,-3.5539,-5.0604,-2.5316,0.3836,-1.9649,24.34,9.7797,4.1279,-0.53196,-32.573,17.266,-1.1379,77.374,-0.91678,-3.7528,4.4018,-10.105,-3.2709,16.226,42.09,-11.469,3.5027,4.3568,5.3563,9.1254,0.32621,-30.886,20.703,26.016,8.1541,2.9568,-41.851,25.247,13.993,-0.93291,-7.4657,-11.536,11.727,-4.5037,1.4349,-1.6846,6.5326,15.56,21.996,-14.847,-1.9443,14.091,-18.66,26.639,4.429,14.378,3.3377,-2.4308,6.6815,-7.2635,3.7716,-5.3557,3.8326,13.547,32.733,17.89,55.172,14.988,12.575,-17.788,3.6286,6.2946,-4.5536,14.836,15.005,4.0762,-4.0146,-17.969,-0.71011,10.356,-8.751,6.2629,-9.2974,43.756,-15.527,17.992,-20.525,-3.3244,40.769,-0.97698,2.9923,-3.3284,-8.1186,12.614,2.9608,-10.286,-28.28,24.981,2.9877,-26.908,-1.7616,-15.047,58.177,-32.433,13.298,4.6046,-4.9185,2.0907,-8.9723,9.4094,-6.0723,-13.518,5.0463,13.168,33.934,10.013,15.195,-12.51,33.429,48.47,58.417,5.0054,33.019,-3.2942,-7.1629,21.293,11.54,-15.781,22.876,-13.624,-7.6639,-5.0235,0.65028,9.2086,31.622,-17.745,3.3876,23.083,7.7859,1.1806,3.7385,11.673,26.146,27.522,-44.618,-3.1985,-13.663,-23.587,13.257,-16.859,0.74836,8.6244,-12.536,-1.2414,-4.4587,-29.807,0.65609,6.22,-4.5014,39.467,16.402,14.128,-3.6222,13.776,12.94,5.8699,-9.7993,0.60995,83.195,14.53,-12.065,-1.4602,-2.9198,13.183,-11.45,1.1819,-3.6534,21.156,-13.925,2.8293,3.7802,4.2257,17.877,1.8241,0.68145,-11.949,3.6962,5.3103,-19.054,21.244,4.7622,4.8066,27.143,8.1464,20.618,-11.74,16.388,7.2434,-0.46398,32.446,3.0773,6.2919,-10.931,5.6973,10.337,7.4013,34.485,22.066,23.944,34.654,-4.1082,37.763,24.528,-14.678,5.0339,6.7464,9.035,-7.1667,21.993,0.040258,7.8245,8.4107,-0.71402,12.799,7.8211,21.763,1.1116,47.651,18.959,6.3547,-7.2403,10.123,10.299,-14.598,-12.269,-7.7681,-29.695,-13.058,42.011,7.7449,3.4354,16.201,-10.028,16.049,-7.6485,6.0746,6.1858,-11.451,26.454,6.948,28.783,11.164,11.945,10.461,42.788,12.119,28.213,-0.92329,17.655,26.356,7.8428,20.258,0.27944,19.326,7.6897,64.183,17.485,-25.027,-7.8672,-0.58417,-17.1,6.6757,24.148,-3.9741,4.334,12.986,17.476,24.263,-5.1265,4.9904,17.917,-12.251,40.164,18.36,-14.26,-7.3407,9.6619,4.574,13.543,40.282,-2.211,4.5288,18.458,27.517,-21.328,-8.2449,39.219,15.92,-12.817,-24.555,12.123,33.593,5.2474,-2.3012,0.28252,3.8553,9.5155,4.1783,25.737,29.255,10.509,0.44466,21.129,-1.7939,11.25,12.761,53.374,6.0612,12.382,-24.814,-10.967,12.818,22.18,18.031,-0.13866,4.2135,28.333,1.3101,11.835,-1.9197,9.2343,13.2,19.462,-2.2317,-3.6406,6.4171,-1.7143,16.915,26.958,-6.9867,18.315,-5.3432,7.3616,24.434,-1.7558,4.2838,38.727,-16.086,31.718,40.023,-13.923,-14.735,-21.511,-9.8097,4.5794,23.143,2.5589,-24.727,-10.327,-1.9972,4.0877,4.488,6.2058,19.595,-17.313,-19.347,33.176,-3.2907,8.2525,-9.9426,3.8177,16.386,-9.6032,-12.68,32.253,-19.007,-3.6387,-27.382,63.572,14.729,8.3958,-14.14,-0.99077,6.2612,-8.5383,-4.197,13.363,0.58343,2.0719,-3.1176,-16.801,3.3113,21.116,-1.2094,9.0807,5.1685,-28.978,-11.913,-6.1751,-3.1027,-13.11,1.9712,-14.001,-0.21027,3.0135,-6.921,2.8287,11.052,4.8752,35.904,-29.136,28.56,-12.924,5.23,1.7303,-6.567,9.0738,17.271,52.947,-17.454,57.711,13.698,0.93291,12.205,21.736,2.163,16.723,2.611,4.6617,53.732,-11.807,9.8665,9.5929,2.102,5.0089,-10.547,-0.34007,7.0031,19.107,-10.798,-6.8484,-1.462,4.949,-2.4579,-32.835,4.4067,49.512,-7.7101,-7.9629,-4.8979,-8.0567,-16.939,56.167,-14.682,5.7765,46.799,-1.1427,14.883,32.661,-11.04,-13.239,12.585,1.3743,15.258,-16.283,-7.1491,-12.204,-17.803,-1.6869,-3.6157,-15.334,36.772,20.527,9.1219,0.017055,-26.26,10.932,3.0607,-13.32,0.28451,-5.5209,-10.261,4.1552,8.4731,8.2795,24.85,14.04,-15.821,4.9996,-20.316,0.037856,35.081,9.0441,-8.9973,3.6288,-7.1756,-12.782,-5.8757,11.055,-1.5879,3.7819,-13.897,3.8958,8.492,0.43303,0.072637,-6.1544,-12.263,3.0906,0.7992,16.979,6.2078,1.1357,3.3221,-4.5332,21.656,-7.5441,-19.572,23.658,0.18682,52.54,20.718,-1.6068,17.547,14.192,3.6046,-11.534,19.767,-52.64,-19.996,-1.2397,-6.2915,-8.4377,-2.8514,10.055,15.145,-14.13,8.1747,14.323,0.049221,17.652,-9.5042,0.58791,-0.97529,38.433,36.763,9.8436,-16.493,0.66488,-6.7078,14.343,1.1224,19.196,-14.141,45.848,22.668,-11.117,5.6449,-10.754,18.36,2.4961,-0.24881,-5.8554,0.5539,9.3012,-1.4797,-11.576,23.364,-6.3612,3.3516,3.3044,0.22465,-8.7964,1.5634,-0.11774,-27.749,3.2952,30.333,-90.455,29.661,-5.3849,11.773,-18.917,-0.087903,-6.9428,-1.5838,7.9932,12.441,14.703,-31.327,2.415,-18.113,27.949,40.766,1.9786,3.0334,-17.92,16.992,1.6728,16.384,37.936,44.756,2.9953,25.78,76.836,22.066,-19.177,7.3835,15.521,10.798,20.534,-6.1865,-7.2539,-7.5361,22.608,11.332,-7.2916,3.6179,-3.9015,18.813,-36.032,56.549,59.976,-16.873,-15.35,-1.8376,3.5757,-13.216,12.405,-8.6434,89.8,7.0601,17.87,-9.4281,9.5789,63.314,28.032,0.81337,1.9244,-45.906,4.2533,-24.263,-13.592,-10.82,-23.721,106.63,-22.906,7.2365,-2.9552,-5.7674,11.512,8.5703,7.0713,-34.665,-5.3041,16.459,-35.36,-33.068,19.81,-22.372,28.681,1.1427,66.723,9.7298,-5.6928,-39.946,6.0814,-32.444,45.887,47.95,-22.983,49.178,-12.453,2.0389,-4.338,-7.7495,-8.8832,-1.8182,17.637,-19.64,-0.81508,46.086,-4.118,32.854,-20.658,-10.426,28.968,-11.049,9.0878,-29.689,14.24,-34.13,11.839,-39.489,-8.0799,40.323,74.008,-4.3509,-13.228,10.929,-4.2301,-0.68365,16.961,-1.9975,-28.473,20.778,-16.216,20.849,22.963,12.366,12.7,15.437,-18.315,14.171,14.637,-11.387,18.795,-46.523,-12.136,-1.3164,-9.0265,16.044,32.774,24.494,-34.657,-11.492,25.642,-15.066,-6.52,-0.096947,-5.8917,10.494,27.824,-2.4185,18.882,-18.889,33.924,6.4672,33.865,-15.983,15.625,-8.4999,7.3856,-38.991,10.025,12.993,30.108,16.71,13.574,12.939,36.563,37.263,6.4249,-21.748,5.0615,26.486,-4.0005,0.30487,-13.899,-21.137,-4.857,-4.7368,23.297,45.879,-32.683,29.201,6.3277,-26.016,20.613,35.224,-14.728,-18.059,9.632,20.645,4.8357,13.578,3.6026,8.5312,37.043,25.288,18.012,-43.404,22.418,6.5165,18.94,13.201,-39.925,12.993,29.656,-16.04,-32.525,-0.18145,12.598,3.7934,100.77,-19.108,-0.2091,-25.546,3.0507,8.692,1.0993,6.7256,10.105,-5.597,7.105,-23.761,7.7794,39.053,52.799,-15.331,50.728,1.8725,-4.9807,4.7531,-17.248,-2.8917,-11.257,-11.831,-29.166,24.485,0.17129,9.2035,10.513,17.615,4.3067,35.566,-3.3245,4.0249,-17.487,-8.4089,10.986,-9.7178,15.339,22.35,-30.391,28.777,4.5735,52.514,-15.324,-22.923,16.878,8.1693,16.244,-15.916,5.165,5.0819,5.0815,6.4078,-4.6193,-7.5316,15.946,-8.7603,18.236,7.4396,2.0519,15.28,-4.8206,-4.6154,17.107,-23.791,27.627,-15.74,1.1381,26.558,-13.079,-9.2642,33.936,20.879,-5.7923,11.093,0.27273,-10.058,-12.511,-2.6425,6.4862,-8.0217,19.087,-0.3796,-0.82728,18.32,-7.2504,14.684,3.6406,9.5791,-3.8703,-7.4571,-6.5149,10.704,1.7617,-5.7153,26.6,-13.978,0.53998,-13.329,41.301,-40.184,24.91,16.713,22.737,19.795,0.097567,20.665,-1.7946,5.1727,3.8783,-0.29015,4.1695,6.4023,18.762,30.907,44.741,15.122,1.7385,-5.8863,-2.067,43.064,10.673,22.844,10.061,7.9043,26.753,-5.235,-3.1705,-6.4283,6.9738,12.456,2.6929,-22.307,9.1347,14.858,3.1755,28.633,-5.6523,3.1592,-24.474,3.9922,-21.62,-8.1396,13.322,6.1611,-14.193,-14.69,-8.6211,-14.679,7.6138,-40.353,4.2805,-16.154,4.0009,7.4784,-18.673,-68.569,-18.375,-6.6395,-4.3268,-1.1166,17.102,1.8127,-14.373,4.941,-10.422,4.792,-9.5449,-13.76,-5.758,-0.35522,5.6865,9.3078,-7.3822,-16.694,11.884,39.442,-10.744,-5.8523,-8.1533,5.4475,15.035,-22.263,2.158,-13.104,-15.608,11.408,26.366,-1.6694,-6.6202,7.8885,14.773,10.522,17.599,10.994,-18.95,6.8249,-7.4803,6.8096,-12.476,2.391,6.8972,-8.3298,11.682,-9.5251,-86.595,9.8283,-43.366,9.541,33.908,14.813,-1.1742,-28.246,-10.391,-13.328,31.758,7.6578,29.031,-8.4515,-14.786,-10.235,5.0123,32.721,1.8511,-14.66,37.223,-14.151,5.9637,16.928,26.195,14.082,-2.2469,11.266,-10.915,31.355,39.897,24.025,39.772,8.0682,-5.0641,29.814,25.073,24.873,16.601,-9.4858,36.677,5.1332,-34.074,21.154,-19.994,-9.906,10.605,3.3807,-3.7704,1.8545,26.421,-2.1627,20.112,13.761,11.823,7.3654,-10.922,-19.693,20.009,-10.01,14.851,13.166,41.336,16.278,11.169,-9.2718,33.379,-2.0893,47.159,16.936,4.0904,32.236,11.832,5.166,29.259,-29.278,-10.98,8.0907,19.598,19.351,20.988,18.852,5.017,-0.10519,41.912,19.985,1.912,7.3702,16.294,-5.6948,-12.66,7.0201,42.867,26.044,-10.018,5.195,2.6619,-0.32187,8.059,18.474,14.736,13.962,14.615,-17.095,10.854,7.7438,39.137,7.4006,7.3232,30.113,-26.614,4.1115,1.2843,-11.547,29.11,11.537,7.6071,24.551,58.452,-5.5415,18.21,16.907,-20.23,30.038,-24.156,3.8531,-10.568,-6.0001,4.6555,9.9036,9.1733,7.0597,5.4848,-2.7715,6.7617,6.4683,9.8946,2.9906,4.4787,6.4091,12.598,18.724,-0.47638,-2.6436,-26.711,7.1527,-8.7008,-9.0259,19.444,24.563,9.5223,6.764,16.455,-4.4731,38.199,-9.2805,8.6037,17.855,21.999,8.227,-31.061,9.7191,17.503,7.5516,11.545,-0.98828,11.334,1.8836,3.9725,-3.2587,48.305,3.1184,0.268,-23.057,-10.707,-2.258,27.23,4.6624,-1.7251,-16.999,7.6004,-8.243,23.455,-2.6313,29.233,64.852,24.91,44.357,-0.53348,8.7552,3.2498,11.628,-3.328,18.23,-9.7998,8.3975,11.353,5.6238,-11.606,1.454,-21.76,-22.261,0.080081,-2.8305,-3.4339,18.589,27.354,-12.161,4.1548,-6.404,19.899,-17.732,3.4186,13.451,-9.1523,2.0702,-8.1958,27.2,13.937,2.0833,21.679,20.396,21.878,28.601,5.2462,22.019,25.658,-1.4258,2.3827,12.624,25.09,-12.104,18.634,19.647,5.1772,18.045,23.186,18.432,-22.924,19.762,3.4085,-2.9954,-16.788,-16.472,-22.725,51.322,13.371,-0.011282,6.0184,31.737,-13.2,4.3119,-11.043,-7.963,12.239,1.3594,59.989,12.488,19.374,-7.737,-10.733,2.1442,0.23418,-2.6323,-9.8074,-25.073,24.744,1.1897,-19.069,16.828,21.96,19.284,7.138,1.7881,-4.5274,23.735,-14.047,-2.8555,8.6505,2.2463,4.7769,14.959,-1.1022,12.47,-3.7891,-14.077,20.66,27.331,10.423,3.1928,28.855,13.048,12.427,5.1141,-9.9103,1.4063,2.1077,13.406,-23.786,7.4596,32.886,-16.847,-2.1465,-9.1898,-1.0356,-7.7529,-8.3281,-19.487,32.437,-7.1797,3.5532,-44.638,-3.596,17.245,-26.003,-35.17,14.647,-1.889,-0.13659,16.006,-4.88,-5.1374,-2.8678,5.2935,30.797,-18.771,17.573,19.618,-6.6246,22.391,-10.777,-0.093818,-32.283,36.222,1.2862,8.1492,-36.572,4.2107,-33.556,7.9216,10.589,-10.885,-16.132,-24.526,-7.5637,-18.165,-11.24,53.044,1.8376,1.6651,11.201,-1.1887,21.968,0.32782,-3.2573,13.393,13.101,0.7959,6.5823,3.2984,-10.915,8.3785,-9.9359,-12.842,1.7689,8.7437,-1.037,33.107,-3.0529,1.4557,4.9236,16.813,-18.534,14.702,7.439,-2.9384,-0.69601,-12.95,15.701,1.7275,-17.972,19.082,12.708,-7.204,18.238,19.29,-4.1328,15.811,-15.771,-37.345,2.732,4.8839,0.72033,-11.508,-7.4032,-6.9868,17.073,9.9473,16.705,-0.68985,22.032,19.263,-14.101,3.666,13.792,-0.90435,-4.0277,1.7099,19.507,4.2824,9.3093,22.707,-4.5679,-27.217,-28.138,-4.3375,2.6143,-13.172,1.7029,9.5913,8.4911,-20.158,-11.129,-4.9896,29.368,-4.022,39.402,18.506,-19.024,-8.8768,7.5165,2.408,1.4042,14.645,16.624,-3.657,-6.8383,-2.7268,27.957,-22.455,-12.922,-6.3389,21.222,0.38284,0.649,7.9828,19.857,-11.631,0.91895,18.109,-9.2725,8.5842,6.5676,-3.2666,-13.324,2.0444,-11.672,4.0621,-5.3118,11.375,15.503,-32.842,4.4238,8.4515,27.1,23.624,-23.674,17.119,4.1255,0.63278,2.4549,10.701,-26.723,-7.3832,23.871,7.4968,-13.378,-35.883,-0.84281,2.1827,5.0299,-4.4171,-11.643,70.223,-23.327,-5.4207,20.116,-5.5813,-13.308,-18.029,10.087,6.2724,42.491,-9.9745,-8.6768,18.242,19.343,-0.63938,-52.572,18.169,48.392,-4.165,0.54353,2.9889,-1.7719,-14.125,8.2221,2.3062,7.2444,2.0877,-11.079,-9.0144,-13.588,29.194,-6.5091,0.31266,-8.1753,-5.6528,-10.208,-10.681,41.247,4.1691,25.353,-3.9585,21.171,11.006,-1.8572,-10.781,5.2287,50.211,-144.4,-4.6105,-17.328,-7.2857,2.1364,20.661,4.6562,3.1713,-0.95089,-13.518,25.04,-5.7376,14.153,-6.1969,4.5737,-8.4439,-3.0615,9.528,-10.225,1.0178,4.5039,-17.454,9.9242,26.224,3.6672,22.908,14.345,23.876,-4.4975,13.531,-7.1613,4.784,9.3445,-4.8804,-3.572,20.983,-1.0398,0.98833,-4.6187,-2.8818,13.397,9.7765,16.61,2.923,-74.521,5.6609,-10.315,17.281,-8.6755,1.3897,23.871,14.55,-3.4178,-0.88691,37.955,1.5013,-2.31,-14.044,-28.535,3.2183,-3.4233,25.24,4.8441,-1.2079,16.999,-7.2867,11.033,23.042,-81.441,3.8184,12.273,-9.7579,23.258,-3.8804,-55.966,-9.2785,5.8135,7.0419,-5.2919,28.694,5.0956,12.354,26.695,4.3332,18.788,-3.9155,48.276,21.167,34.231,-34.938,-19.452,13.816,10.576,25.205,-24.726,-3.1182,6.7005,27.138,8.9587,-5.0808,28.609,-4.1538,-2.0971,2.5807,-73.138,-6.6077,12.075,5.2001,25.275,-1.6677,9.9528,8.2888,-8.6812,13.815,-3.7567,37.161,-10.257,22.103,36.252,-1.2771,19.712,22.721,-14.399,18.989,-13.337,2.3799,4.8406,23.144,14.494,-3.4291,-26.156,-12.612,-5.9177,20.147,-14.614,20.918,-4.0462,42.514,9.9584,2.0839,16.771,5.943,21.79,-0.54756,32.385,-80.639,5.2695,5.987,0.2794,-0.73971,5.9398,8.1582,30.754,7.2015,2.4384,1.4809,-1.2379,29.025,21.93,5.9468,-27.714,6.2111,3.3681,15.359,4.4966,10.101,-0.26586,-0.19884,7.8446,30.08,29.32,29.387,4.6959,23.253,-9.8038,-4.1661,29.844,-6.3458,37.689,1.5936,3.0947,10.248,-13.024,31.669,32.074,24.45,7.5162,-6.9604,-2.3212,-4.5839,-11.632,-18.643,15.592,32.183,3.4103,9.1253,7.4855,64.665,2.1655,-9.9324,2.2186,58.939,12.656,-9.0382,62.093,6.5004,6.1143,13.756,8.8846,12.106,23.519,5.7011,25.182,-16.188,-0.28071,-20.143,-0.24509,12.585,14.945,9.4905,5.6417,19.683,29.672,-12.245,-8.5587,-0.97431,15.123,-17.463,-14.263,6.8258,8.3848,45.575,-6.6137,-9.6581,-14.079,21.479,-28.1,6.0553,18.075,9.2006,-15.973,37.98,-4.2632,22.527,-18.787,3.9843,-1.2433,2.7713,13.764,3.4042,-2.9112,18.453,-7.9377,-1.6144,11.903,-0.23233,-0.39373,7.4837,7.1369,-23.031,-3.7032,1.8922,0.92497,27.89,26.855,42.9,3.1743,17.406,-21.792,-14.023,39.028,-10.543,0.28515,20.558,27.271,1.6547,-10.193,7.8202,7.4202,-5.4246,-25.331,7.8651,3.3519,-6.1639,-18.113,8.1425,6.7721,-24.076,6.8409,7.4398,20.688,-23.296,-8.7633,0.86947,-0.53953,-6.0195,-0.086425,17.98,17.418,-0.0040497,25.009,-2.6342,-11.426,10.074,10.472,-20.633,-19.353,-0.47346,-8.2938,37.128,-25.421,0.75168,33.983,-0.71102,21.289,2.4502,23.104,53.92,11.74,2.6449,-7.5124,25.718,-2.874,-3.0988,4.7194,23.199,-2.0295,1.9756,6.0592,-16.116,15.564,4.3897,7.0077,5.0475,1.2661,15.459,33.353,1.3487,16.922,-5.0319,15.284,20.112,-14.775,6.6134,7.2449,2.0795,-1.7006,17.451,-13.905,15.882,37.095,-7.3637,18.462,5.7825,13.825,18.306,-5.8963,-0.2686,19.401,13.751,-20.839,-3.7163,-15.461,-16.39,29.112,6.5949,11.361,2.0625,-11.42,12.463,4.3339,-14.937,-7.5062,12.185,26.198,-1.4086,-3.8643,33.582,0.71091,30.1,-0.74107,30.418,44.459,-6.6377,-23.432,5.152,6.7459,-6.4539,10.686,21.117,-13.014,14.478,29.974,10.756,-9.7159,-16.631,-10.953,-1.3074,-13.505,12.238,1.9787,29.44,1.5794,-34.125,24.598,-2.9695,6.5593,8.2703,-42.561,-2.3321,-18.675,-0.21729,12.787,2.8203,-4.515,5.1808,-12.269,25.456,31.703,-1.7423,31.134,12.215,-19.357,20.087,14.998,-5.7218,13.06,-4.6683,10.026,10.015,-20.129,0.81075,-23.381,21.608,7.9614,15.189,-13.255,18.111,-4.3375,-10.209,5.5055,-14.867,-5.4297,-6.9971,20.839,10.772,4.8207,20.923,24.44,1.8475,36.132,0.4229,34.925,7.088,31.746,-7.2474,4.2799,16.807,19.589,25.053,-4.1652,58.018,28.445,18.004,7.7161,3.664,4.8493,-3.1912,16.211,3.5576,-0.060946,13.879,3.6874,-16.059,-0.54943,-3.3976,4.1358,21.396,5.703,-10.786,24.027,15.609,0.57838,14.508,21.803,5.3202,3.3459,3.4714,10.335,41.011,18.374,-0.44326,4.9141,59.313,79.354,12.726,-13.507,32.907,2.5467,5.695,33.795,22.223,14.927,3.5284,1.2941,18.835,34.707,-1.5755,5.666,-2.4197,11.344,25.47,11.046,-5.5194,18.262,10.963,1.1429,26.757,26.886,13.057,10.801,-0.068983,-1.1116,-2.6623,33.696,14.659,38.314,2.359,-4.4458,-21.222,6.328,10.287,31.189,2.6468,3.8686,19.104,1.2519,40.816,-9.1882,13.769,4.2924,-4.2678,14.858,-5.1893,8.1829,-11.487,-7.768,26.349,25.589,15.707,9.3807,-8.1439,18.625,-21.793,-5.9416,-22.21,9.2691,18.74,3.5282,21.582,5.3497,-7.5712,9.2621,-1.0628,9.809,29.641,10.095,3.1866,-8.654,-3.4332,-1.1245,-6.2345,5.269,-11.332,10.281,12.702,17.226,-13.451,1.9799,37.679,17.31,8.7706,39.526,-10.277,7.1495,22.256,48.443,3.6904,0.33581,0.97564,-0.26009,3.2262,2.118,3.4359,4.6956,-17.739,35.886,28.773,14.157,16.32,-18.881,12.136,3.7661,4.9075,26.974,1.2741,31.102,-12.963,9.0958,4.2459,34.885,9.4677,-7.5528,-22.406,-12.883,-0.57728,-1.5365,9.7537,-28.319,-1.7329,1.5314,0.80578,-37.339,28.797,60.906,5.5991,11.705,1.3037,19.479,13.607,15.11,-2.6736,8.1214,-9.7832,-9.4809,6.6866,11.347,8.7053,-7.0064,-10.918,-4.2289,-6.2912,8.2315,3.521,3.5115,12.204,-1.5509,8.1307,4.9438,1.3047,5.2268,12.417,29.891,-18.159,-20.809,20.988,7.4272,14.92,-32.042,42.318,6.8102,1.9393,8.3862,-2.8621,17.31,15.32,31.24,-8.5143,1.947,3.5403,2.0695,1.7924,-9.2155,-12.965,29.31,10.195,19.038,-20.235,15.655,2.1993,6.1764,6.085,50.651,28.899,11.488,-6.2349,25.928,6.402,-4.7622,4.7354,-5.3683,5.2799,-2.1591,3.8167,1.9506,15.04,15.918,2.9675,4.2648,17.885,10.226,1.4093,-5.9164,-4.5654,1.2472,17.839,-6.3779,-5.2488,-2.3531,-17.206,1.899,-8.4504,13.578,4.8371,7.148,12.137,42.793,8.6493,18.058,-12.876,-17.228,6.4357,7.883,2.4252,4.8564,17.124,-15.744,21.629,14.767,-1.4786,6.3474,-6.6515,1.4613,22.602,-8.0821,13.4,15.718,-10.395,5.9141,7.8068,-7.4737,12.692,-9.562,-5.9046,-1.5635,0.98579,5.9672,11.175,3.9646,6.3523,0.39165,30.445,0.10811,-1.1749,-6.4348,2.7531,2.5464,7.6293,-7.7267,1.124,0.63724,-2.8513,5.5693,0.53428,15.127,0.50933,-1.3346,-3.4347,-7.4472,5.6682,15.352,4.5535,-9.7265,-0.058602,1.385,-2.4182,-1.4717,1.1665,-9.3369,10.257,3.0171,17.648,-3.2871,0.5981,1.2585,3.5015,23.573,35.172,-3.0096,5.382,12.787,9.1295,-5.7597,17.704,22.861,3.9065,6.712,18.647,6.2787,20.372,3.6324,-1.6845,-17.212,23.349,15.083,1.3692,-0.99607,15.311,42.248,-3.809,25.169,-39.951,-13.606,-35.297,-0.10055,-4.8474,7.3526,7.0895,-7.6628,-8.0925,22.75,33.252,-2.3209,-1.3071,23.706,16.254,19.727,10.971,36.686,1.1245,20.045,-1.0578,-0.3745,13.715,4.0954,13.69,-16.447,-3.8515,17.045,-2.3664,2.0557,55.673,-4.715,21.106,1.7275,-4.1538,2.0307,-5.4453,7.8737,-4.4204,39.258,-5.0162,8.0517,3.7731,9.9081,3.7039,15.687,12.582,-1.7706,3.3629,18.392,1.9943,-11.929,20.43,2.6127,1.6893,-13.566,-2.1414,16.973,22.669,8.4987,-0.72384,6.0775,-4.544,13.679,-5.0893,9.5238,24.554,0.81895,-4.4607,9.91,8.6579,21.135,15.717,4.1948,31.2,-12.805,16.407,0.57415,-5.4976,7.825,11.409,10.924,2.0658,6.295,17.2,6.3896,-3.5549,11.785,15.896,-2.9618,16.574,3.081,18.55,17.25,-8.9317,12.386,-5.8323,2.1483,21.031,0.88236,-1.2772,4.9088,12.637,6.5989,-23.054,-2.1578,22.293,-4.203,24.685,3.0421,0.88063,5.2365,0.72708,1.7701,0.89224,31.283,-29.162,-13.423,-11.162,3.9866,-85.399,3.5663,-30.772,-1.858,-0.18205,-9.0448,20.891,1.9678,-11.813,8.2639,43.762,-21.718,-5.5211,14.407,-9.9323,-3.7811,-19.573,2.5779,4.3806,1.3808,10.76,24.163,4.9732,7.2762,0.65042,-6.272,17.099,-10.323,24.874,-4.4571,6.9045,-5.6132,7.1723,8.6975,-12.725,-18.401,14.849,31.324,6.1473,11.154,24.609,22.182,16.881,6.9765,-5.7748,-14.571,-16.385,89.319,-17.666,20.92,-2.7023,31.646,23.986,31.778,14.012,-3.0884,7.1995,-0.86365,16.101,5.8157,4.5765,12.972,-2.9977,-13.775,23.605,11.033,54.257,44.917,-3.0444,-0.012863,40.762,-2.4073,44.545,3.5131,-13.009,10.41,1.1955,-12.046,-3.7795,15.449,25.483,-17.964,-20.527,-5.0925,-9.5883,-8.032,-7.6064,-14.292,6.0889,19.054,1.6473,14.259,21.633,-24.5,-9.382,51.557,0.34999,6.9563,11.417,8.4494,22.828,-12.57,-9.9663,17.327,20.639,6.2529,-7.7372,-1.2794,-5.4797,-2.4549,44.012,-2.0159,13.639,24.727,-0.47413,7.8587,-1.467,-37.77,-1.8343,22.675,-10.014,-14.411,-9.9581,-13.895,-28.684,-8.0477,0.27429,-4.9018,10.472,11.779,8.6291,-16.89,17.896,26.34,27.212,-22.605,18.121,2.0905,13.975,-176.86,1.5624,31.142,-1.3,-5.7383,26.885,15.179,-8.3724,3.5655,-154.44,-4.4794,12.62,11.593,18.806,-25.927,3.7407,2.4138,-38.67,37.629,72.994,5.9373,-5.9957,1.9271,27.761,-0.60833,13.42,36.254,-4.327,-14.778,-13.364,-15.27,-4.0214,-7.6064,1.3548,3.5357,-15.421,13.876,-24.121,23.089,-7.576,28.806,22.685,-2.866,-9.0525,-11.453,-2.1727,15.951,-4.3798,-33.046,-19.452,3.8008,-0.56481,26.605,44.268,30.399,10.628,6.272,1.1595,0.031109,18.843,-15.758,9.168,17.093,-19.218,45.444,6.6401,83.535,5.8021,5.9824,7.738,-3.8778,-4.2758,13.156,1.7163,3.2385,17.299,5.7208,20.902,49.328,11.808,-4.9817,18.501,4.5332,-30.42,-12.376,18.168,2.5329,-28.649,9.7296,3.6909,-20.797,13.493,-3.4989,-1.7873,-30.844,40.42,-31.489,-16.007,-22.324,-0.19849,-24.072,22.231,19.057,-23.229,-33.92,36.968,12.103,-21.735,21.98,8.7404,3.755,-70.768,-17.106,-45.762,-14.481,-1.1862,0.28687,87.021,16.071,0.22707,158.17,24.141,21.537,-15.384,-3.017,15.724,36.988,97.808,-8.0339,-18.886,-36.187,117,22.077,-11.23,-8.4215,35.58,-134.8,0.56049,-6.1999,4.1209,-0.68208,32.455,18.368,-13.499,38.44,-21.204,9.2466,-6.5106,16.831,17.431,-2.8491,31.553,1.8752,21.024,-31.805,-50.644,-9.8818,-42.161,7.9208,6.7273,9.0253,-87.215,-27.685,-28.798,-0.060161,28.91,-4.3114,6.3488,-12.754,-5.7866,-10.705,-12.098,-25.366,9.7692,-9.7603,24.179,8.5529,-32.345,-18.936,-5.6782,-51.439,19.007,35.677,-10.521,0.22421,30.68,-46.026,5.2572,-4.3585,13.254,-13.623,2.1033,-30.713,17.486,-49.52,16.754,19.533,-8.9632,17.029,-1.4661,3.086,-10.816,40.426,1.8594,0.64297,-31.791,-16.146,-8.5184,90.909,1.4424,-15.339,8.7199,10.275,-76.684,-9.4094,13.086,103.21,2.7488,47.203,5.9686,6.0955,-4.3132,6.8113,-66.832,26.185,33.153,-23.3,14.589,-8.7099,24.608,-31.325,-33.251,10.847,7.1224,21.038,9.5585,31.272,-23.878,-25.059,-10.36,-42.702,13.22,10.775,7.2509,87.769,12.865,9.6649,3.0258,-39.787,-4.0086,18.603,17.595,3.4192,1.8206,34.456,-11.486,2.205,39.832,-23.089,-36.176,-14.814,-20.698,-4.5314,19.262,-56.409,155.39,-2.0491,-37.588,-3.2361,-3.959,27.245,-59.975,-6.6854,-49.759,-18.761,-20.053,-16.573,-3.4681,141.79,8.9412,-25.594,29.475,12.709,4.1457,14.845,-62.142,-20.378,-13.606,3.4125,-47.339,17.033,31.241,10.499,11.759,-45.052,-14.327,-24.553,21.634,8.4421,121.29,46.295,-7.0767,169.72,45.219,109.73,-32.242,28.438,44.781,-16.996,-25.475,-26.446,10.249,3.6848,9.9889,103.97,-8.2127,10.892,-16.408,22.11,21.665,14.344,-6.1506,15.855,22.726,-20.844,-12.967,-7.3268,3.3118,-11.193,20.099,12.713,11.839,-1.4958,5.2683,-2.5294,15.62,0.32645,6.3264,-2.8924,4.8426,-10.558,-1.6254,8.7957,-23.073,18.842,9.5012,48.007,2.3586,-12.575,6.4989,-3.0147,18.932,-6.2853,7.0291,-8.9298,14.32,7.2672,18.511,-6.4905,5.9267,10.356,20.032,102.48,33.637,16.949,-22.134,-7.8566,24.364,6.5133,4.9063,8.3548,23.351,1.758,-1.7298,-8.7578,0.28855,-5.3367,4.1711,-6.0952,-9.3876,-1.9689,-7.9865,10.985,13.843,-18.677,11.489,0.46887,2.0753,-1.7935,12.84,35.074,-19.759,0.41262,2.3489,8.5265,4.7933,-13.063,10.223,-17.842,5.1975,-29.45,-17.157,-7.5148,-13.141,-0.547,21.906,-2.9134,-0.16388,13.07,-5.7411,15.598,-15.606,5.9871,17.28,3.88,5.9827,-19.793,-8.1343,-10.818,23.244,19.75,5.4422,16.18,31.408,-0.62856,13.059,-13.941,-18.684,1.7152,-11.969,35.037,11.92,38.333,14.613,10.86,-6.3091,17.883,9.5946,1.3162,23.041,-10.935,-3.0915,-11.74,29.477,7.3107,60.95,14.83,21.421,1.1885,-8.2852,7.9319,11.153,-13.514,-1.6167,12.124,-13.959,-3.2107,-2.4825,-10.711,9.1199,4.1728,-1.3454,9.3356,-4.9682,26.629,11.395,0.2584,12.227,11,12.669,3.8546,9.2419,22.752,-9.2181,-14.221,8.1365,42.953,13.328,-8.3082,-10.378,22.403,16.464,6.6261,33.667,-8.8098,-14.948,-37.325,-5.991,-12.093,9.8457,-9.6698,-35.902,-20.28,4.334,2.3547,6.2589,5.203,-8.2481,12.041,4.6924,-24.586,16.368,9.08,21.513,6.9798,-6.3217,27.123,-8.2962,-6.7208,-14.18,-10.645,12.669,8.4619,20.786,-0.76775,1.0605,35.628,-5.1369,11.264,-9.525,20.259,28.024,-4.7963,6.4182,-25.947,3.619,-4.1488,6.8179,3.613,16.01,-4.6486,34.559,-13.077,-6.9192,2.1757,21.64,2.9211,-5.2405,8.9675,12.232,3.0715,-11.401,-2.4252,4.6795,24.413,-14.404,27.953,36.742,14.733,28.791,-5.4126,12.388,-18.647,6.6664,21.407,-0.046774,-9.3301,30.917,-1.767,26.796,14.879,-20.649,18.691,-2.471,-8.7686,17.019,4.1874,-34.845,4.9433,-7.1407,2.9371,0.52804,-16.204,-9.5364,-2.4466,2.8369,17.41,29.614,11.997,14.784,17.682,0.058533,18.669,19.069,-11.479,37.696,-7.7302,-11.105,13.369,8.2696,-21.022,17.23,-3.3681,70.158,-11.113,-9.8671,6.1758,-0.050018,-0.6439,11.57,14.637,3.4331,-3.4776,-1.429,-2.3078,-3.6595,13.933,16.227,19.808,63.504,7.9712,-8.8504,-14.05,3.8538,20.019,4.6342,-10.407,8.4182,10.681,14.046,5.5236,-6.6325,19.956,2.3833,2.1431,-11.452,-13.862,-8.1064,56.739,12.944,35.799,-1.7065,7.8575,28.572,-0.51463,-5.0602,-11.935,-12.787,14.302,18.394,4.1391,71.362,-10.413,11.661,15.526,12.544,-5.4935,17.548,10.442,2.9509,5.8015,12.82,20.983,-0.61677,-32.108,1.885,-30.364,36.438,-3.1545,-11.487,4.8166,-9.5931,-8.1997,36.33,21.787,-7.5842,29.421,29.535,10.514,0.20626,20.27,8.689,25.175,24.426,4.7826,2.692,17.093,-0.90614,66.356,-15.072,70.39,-4.8597,8.0332,5.1091,1.8562,-16.679,12.978,-9.9394,43.186,10.927,98.879,27.368,3.9904,1.801,-12.956,12.679,-20.783,-24.737,60.461,6.5822,12.667,4.9023,-9.3306,-22.224,-5.2904,13.72,-15.685,8.3953,-34.082,75.364,2.0025,9.9961,0.92525,-20.427,-8.702,5.507,-6.753,-17.724,14.639,-5.8711,-2.7004,-6.2006,65.756,41.615,13.431,15.679,1.1586,6.1458,9.8484,0.71867,-0.67633,-29.17,13.668,24.62,6.3656,-3.9496,0.46402,8.3298,-5.4808,-7.275,17.012,-15.861,8.4976,-1.5683,23.352,9.8886,21.528,5.7709,-4.8391,2.573,-4.2938,-6.4972,19.401,-24.143,-14.429,-17.457,-6.9502,-6.4433,-17.27,-4.1105,1.5635,-22.438,12.501,-6.5978,16.912,-11.031,-6.4119,-30.946,-3.0706,-4.7161,4.6164,-27.738,3.7659,-2.9402,-10.33,-9.7517,-7.7727,6.9285,-8.8072,3.8847,-7.4883,1.9495,43.884,26.174,-8.1096,60.317,-55.584,-11.941,3.1148,51.697,-7.8417,11.535,-2.0974,7.8237,7.5465,2.1716,14.54,9.4246,6.9736,12.799,-17.838,-1.1402,3.3841,21.52,26.447,7.6578,2.1755,24.419,10.623,-5.2021,6.3255,3.5998,27.111,-3.249,-1.2235,-7.4908,3.5817,1.0172,-8.7787,-11.508,-8.726,17.723,3.1102,4.7727,10.197,2.0811,-1.9409,41.393,7.9384,-10.921,-30.145,-2.6971,7.6734,5.5827,-8.5308,-8.4619,6.7661,21.572,-2.1142,2.8828,4.7618,-2.6654,1.4987,29.286,-2.0367,11.983,-22.308,24.721,-13.403,25.338,28.898,13.401,7.2508,3.7739,-4.1255,15.072,-1.5631,2.9024,31.88,9.1581,7.8313,-2.2466,2.022,12.661,12.649,11.991,-8.9305,23.737,-8.9865,-20.307,-2.8198,-11.842,5.8385,9.9903,-11.152,10.117,12.548,6.9563,-0.58823,-12.861,-25.351,14.97,6.1118,20.552,1.1982,11.007,4.5741,14.811,-0.31525,11.823,6.383,-16.424,26.374,19.448,19.472,6.3528,31.2,-35.144,-30.676,-9.3635,8.1132,2.2867,-0.9219,-0.9849,18.558,-18.62,20.067,7.1567,10.008,3.7778,24.109,1.132,18.865,-0.90931,-3.8021,21.811,-2.0537,-1.113,-3.3057,-2.8984,1.1449,-3.9121,5.1507,-15.773,-0.1977,-19.568,3.3479,7.2337,36.013,-11.118,-22.838,-11.409,26.555,5.9696,22.834,-11.272,26.912,0.23909,9.1073,28.181,21.563,64.824,96.816,14.314,0.16967,41.862,4.1073,16.546,-5.5482,3.0444,33.169,-4.7761,-20.578,15.152,4.797,13.719,5.09,-0.28556,11.658,-17.416,4.3331,8.8341,17.818,8.0596,7.7717,-10.033,-7.7099,-8.3987,15.706,-7.0767,-1.7612,-7.8035,4.4407,-7.7987,9.9879,5.1408,30.255,-31.471,-25.423,-1.0898,0.43419,21.445,13.993,13.698,-7.7471,1.4691,31.16,10.979,-7.4203,38.234,28.395,9.6726,-9.7069,3.2147,9.7721,24.327,12.554,8.8181,-21.873,-6.1406,0.13336,5.5164,-21.478,6.8522,-10.624,19.631,0.81352,24.259,2.1279,-2.3446,9.9472,-28.597,-9.2769,13.898,5.6216,-23.447,18.944,6.4019,3.1374,-5.9611,22.191,9.1367,1.0204,5.8802,-6.9179,19.721,-27.392,14.459,1.2492,36.204,2.0769,26.956,8.6394,-16.797,26.426,1.7046,15.967,29.034,-21.607,18.112,17.018,10.916,12.121,-31.436,18.124,17.512,-13.319,4.3366,15.203,6.1426,-5.3333,10.363,14.188,-51.494,15.205,-23.572,-4.8279,19.259,1.927,9.0613,19.18,19.191,3.5849,5.6894,28.275,4.8787,1.4443,-21.412,-27.307,37.003,-12.774,-11.695,49.386,-7.8128,18.547,2.0664,22.096,-1.1647,-1.6608,7.6689,10.904,8.7061,9.3177,6.1609,39.735,3.7603,12.849,10.459,6.6434,-0.3515,13.815,17.68,-15.413,-10.399,24.634,5.5573,2.4728,-1.8065,-11.925,32.791,-0.82633,0.27304,9.0453,-23.167,34.842,29.047,-5.635,7.5663,7.359,17.901,10.295,29.712,26.409,9.61,-1.0584,-21.258,25.026,23.081,-17.652,-7.3263,-22.054,37.233,7.5176,20.28,1.1346,-14.649,-3.6937,19.304,21.701,-10.382,44.061,6.2702,-7.8656,6.4659,12.74,-18.135,13.595,-9.149,24.729,-24.84,19.85,6.4167,7.6688,6.1995,-5.1508,11.683,41.998,-41.052,18.278,14.481,-4.9935,2.4642,2.9923,27.201,-7.1366,10.633,-0.967,27.328,13.581,12.414,-2.7295,4.6802,23.439,25.714,-10.108,-15.994,18.282,4.8548,-3.6519,3.7275,22.688,34.148,-13.786,0.32775,8.4168,-11.054,-6.7809,33.39,46.031,48.409,-12.207,8.5489,38.092,-23.507,7.1049,1.7842,30.997,23.408,21.016,41.154,22.996,31.855,-17.168,-3.7141,-9.9049,18.997,18.584,2.9925,-8.7009,-8.1455,-10.304,-0.15871,10.869,29.724,4.3637,24.627,-11.693,-20.829,-4.8347,8.4437,47.613,-21.14,18.834,13.09,4.8119,16.284,12.636,42.309,8.9836,-7.2894,13.103,88.204,-2.6397,-1.054,-1.4808,7.3837,16.041,15.491,-19.659,25.016,3.5452,-0.99833,29.792,26.542,4.6423,-36.733,11.078,15.689,18.069,40.738,-18.618,23.941,1.4305,25.117,29.377,5.4776,13.193,9.0274,3.622,12.208,51.972,-5.0419,-21.212,7.4708,3.5343,20.8,17.555,-19.788,-9.6894,-2.6102,-9.6686,-23.395,-12.768,-11.848,-22.475,18.853,15.648,26.619,7.4494,8.1205,18.135,-32.478,-11.798,6.1846,9.3885,-14.259,0.87535,17.639,-8.3119,15.457,3.9592,13.887,-30.919,-5.5319,-3.9317,-2.0163,-13.717,12.709,28.157,27.025,19.324,16.656,15.186,-17.096,-30.288,1.5902,7.1607,-9.8215,-12.435,27.132,5.2382,23.69,20.427,5.5717,-15.282,19.35,-18.653,2.4086,-34.192,3.4139,20.599,51.878,0.16965,9.8099,37.208,-2.4292,15.497,-65.76,-7.1687,22.583,-6.6699,-8.6753,2.7125,18.772,-15.882,3.2538,24.234,13.781,27.97,-6.927,-17.224,8.5126,-15.719,-11.936,-58.876,22.831,0.82702,6.8712,1.0654,-18.106,26.592,-7.6101,-40.97,8.8653,38.984,0.4905,26.772,29.398,33.642,51.107,-18.409,2.5548,13.466,8.3184,31.47,1.97,-3.7913,-62.026,14.046,14.93,-13.901,6.059,28.466,5.0751,39.539,22.757,30.201,5.7558,-18.504,-13.823,27.251,14.676,-39.655,-12.043,-10.649,-24.333,9.9256,21.349,-43.847,3.833,41.239,42.948,27.426,-4.8961,-9.8304,-8.1184,12.911,-39.659,-18.185,-27.467,11.383,20.686,-1.6612,22.465,17.508,29.721,-51.989,1.6914,-0.33504,-17.202,-6.9895,21.548,8.8327,-13.978,-22.414,-11.876,10.253,17.921,19.507,-9.5309,-4.675,-13.582,5.1143,-12.014,-10.096,13.616,16.127,-21.039,-12.086,-8.3144,9.4287,-11.219,-30.902,44.631,-2.5358,-5.6208,23.562,13.621,2.0855,52.126,-17.597,-30.217,25.163,0.069082,-15.846,3.4012,23.484,-6.12,13.747,12.865,-5.2979,8.6451,-48.404,4.8792,-8.9686,-13.774,7.7634,-4.661,-25.76,-61.956,-18.813,15.914,33.323,-3.3887,8.9443,27.622,-19.267,-17.451,26.291,-26.711,48.867,-21.39,10.325,20.008,1.7124,-0.51286,20.467,7.4354,-18.572,7.7472,5.0722,-7.9657,7.1828,-25.929,-28.275,-71.789,-4.7909,71.439,5.9651,8.651,20.585,-21.044,-2.1641,-3.0341,-28.732,-3.0819,-20.678,37.489,5.3681,0.042641,-0.40831,-10.025,-7.8101,3.0782
